# SKU Power Limit Table (unit is 1 dBm, resolution level is 0.5 dBm),,,,,,,,,,,,,,,,,,,,,,,,,,,,,,,,,,,,,,,,,,,,,,,,,,,,,,,,,,,,,,,,,,,,,,,,,,,,,,,,,,,,,,,,,,,,,,,,,,,,,,,,,,,,,,,,,,,,,,,,,,,,,,,,,,,,,,,,,,,,,,,,,
# 2.4G Channel,CCK,,,,OFDM,,,,,,,,BW20 (HT/VHT),,,,,,,,,,,,BW40 (HT/VHT),,,,,,,,,,,,,BW80 (HT/VHT),,,,,,,,,,,,BW160 (HT/VHT),,,,,,,,,,,,RU26,,,,,,,,,,,,RU52,,,,,,,,,,,,RU106,,,,,,,,,,,,RU242,,,,,,,,,,,,RU484,,,,,,,,,,,,RU996,,,,,,,,,,,,RU996X2,,,,,,,,,,,
Band: 2.4G,CCK_1M,CCK_2M,CCK_5.5M,CCK_11M,OFDM_6M,OFDM_9M,OFDM_12M,OFDM_18M,OFDM_24M,OFDM36M,OFDM_48M,OFDM_54M,M0,M1,M2,M3,M4,M5,M6,M7,M8,M9,M10,M11,M0,M1,M2,M3,M4,M5,M6,M7,M8,M9,M10,M11,HT40_MCS32,M0,M1,M2,M3,M4,M5,M6,M7,M8,M9,M10,M11,M0,M1,M2,M3,M4,M5,M6,M7,M8,M9,M10,M11,M0,M1,M2,M3,M4,M5,M6,M7,M8,M9,M10,M11,M0,M1,M2,M3,M4,M5,M6,M7,M8,M9,M10,M11,M0,M1,M2,M3,M4,M5,M6,M7,M8,M9,M10,M11,M0,M1,M2,M3,M4,M5,M6,M7,M8,M9,M10,M11,M0,M1,M2,M3,M4,M5,M6,M7,M8,M9,M10,M11,M0,M1,M2,M3,M4,M5,M6,M7,M8,M9,M10,M11,M0,M1,M2,M3,M4,M5,M6,M7,M8,M9,M10,M11
Ch1,14,14,14,14,15,15,15,15,15,15,15,15,15.5,15.5,15.5,15.5,15.5,15.5,15.5,15.5,15.5,15.5,15.5,15.5,15,15,15,15,15,15,15,15,15,15,15,15,15,15,15,15,15,15,15,15,15,15,15,15,15,15,15,15,15,15,15,15,15,15,15,15,15,15,15,15,15,15,15,15,15,15,15,15,15,15,15,15,15,15,15,15,15,15,15,15,15,15,15,15,15,15,15,15,15,15,15,15,15,15.5,15.5,15.5,15.5,15.5,15.5,15.5,15.5,15.5,15.5,15.5,15.5,15,15,15,15,15,15,15,15,15,15,15,15,15,15,15,15,15,15,15,15,15,15,15,15,15,15,15,15,15,15,15,15,15,15,15,15
Ch2,14,14,14,14,15,15,15,15,15,15,15,15,15.5,15.5,15.5,15.5,15.5,15.5,15.5,15.5,15.5,15.5,15.5,15.5,15,15,15,15,15,15,15,15,15,15,15,15,15,15,15,15,15,15,15,15,15,15,15,15,15,15,15,15,15,15,15,15,15,15,15,15,15,15,15,15,15,15,15,15,15,15,15,15,15,15,15,15,15,15,15,15,15,15,15,15,15,15,15,15,15,15,15,15,15,15,15,15,15,15.5,15.5,15.5,15.5,15.5,15.5,15.5,15.5,15.5,15.5,15.5,15.5,15,15,15,15,15,15,15,15,15,15,15,15,15,15,15,15,15,15,15,15,15,15,15,15,15,15,15,15,15,15,15,15,15,15,15,15
Ch3,14,14,14,14,15,15,15,15,15,15,15,15,15.5,15.5,15.5,15.5,15.5,15.5,15.5,15.5,15.5,15.5,15.5,15.5,15,15,15,15,15,15,15,15,15,15,15,15,15,15,15,15,15,15,15,15,15,15,15,15,15,15,15,15,15,15,15,15,15,15,15,15,15,15,15,15,15,15,15,15,15,15,15,15,15,15,15,15,15,15,15,15,15,15,15,15,15,15,15,15,15,15,15,15,15,15,15,15,15,15.5,15.5,15.5,15.5,15.5,15.5,15.5,15.5,15.5,15.5,15.5,15.5,15,15,15,15,15,15,15,15,15,15,15,15,15,15,15,15,15,15,15,15,15,15,15,15,15,15,15,15,15,15,15,15,15,15,15,15
Ch4,14,14,14,14,15,15,15,15,15,15,15,15,15.5,15.5,15.5,15.5,15.5,15.5,15.5,15.5,15.5,15.5,15.5,15.5,15.5,15.5,15.5,15.5,15.5,15.5,15.5,15.5,15.5,15.5,15.5,15.5,15.5,15.5,15.5,15.5,15.5,15.5,15.5,15.5,15.5,15.5,15.5,15.5,15.5,15.5,15.5,15.5,15.5,15.5,15.5,15.5,15.5,15.5,15.5,15.5,15.5,15.5,15.5,15.5,15.5,15.5,15.5,15.5,15.5,15.5,15.5,15.5,15.5,15.5,15.5,15.5,15.5,15.5,15.5,15.5,15.5,15.5,15.5,15.5,15.5,15.5,15.5,15.5,15.5,15.5,15.5,15.5,15.5,15.5,15.5,15.5,15.5,15.5,15.5,15.5,15.5,15.5,15.5,15.5,15.5,15.5,15.5,15.5,15.5,15.5,15.5,15.5,15.5,15.5,15.5,15.5,15.5,15.5,15.5,15.5,15.5,15.5,15.5,15.5,15.5,15.5,15.5,15.5,15.5,15.5,15.5,15.5,15.5,15.5,15.5,15.5,15.5,15.5,15.5,15.5,15.5,15.5,15.5,15.5,15.5
Ch5,14,14,14,14,15,15,15,15,15,15,15,15,15.5,15.5,15.5,15.5,15.5,15.5,15.5,15.5,15.5,15.5,15.5,15.5,15.5,15.5,15.5,15.5,15.5,15.5,15.5,15.5,15.5,15.5,15.5,15.5,15.5,15.5,15.5,15.5,15.5,15.5,15.5,15.5,15.5,15.5,15.5,15.5,15.5,15.5,15.5,15.5,15.5,15.5,15.5,15.5,15.5,15.5,15.5,15.5,15.5,15.5,15.5,15.5,15.5,15.5,15.5,15.5,15.5,15.5,15.5,15.5,15.5,15.5,15.5,15.5,15.5,15.5,15.5,15.5,15.5,15.5,15.5,15.5,15.5,15.5,15.5,15.5,15.5,15.5,15.5,15.5,15.5,15.5,15.5,15.5,15.5,15.5,15.5,15.5,15.5,15.5,15.5,15.5,15.5,15.5,15.5,15.5,15.5,15.5,15.5,15.5,15.5,15.5,15.5,15.5,15.5,15.5,15.5,15.5,15.5,15.5,15.5,15.5,15.5,15.5,15.5,15.5,15.5,15.5,15.5,15.5,15.5,15.5,15.5,15.5,15.5,15.5,15.5,15.5,15.5,15.5,15.5,15.5,15.5
Ch6,14,14,14,14,15,15,15,15,15,15,15,15,15.5,15.5,15.5,15.5,15.5,15.5,15.5,15.5,15.5,15.5,15.5,15.5,15.5,15.5,15.5,15.5,15.5,15.5,15.5,15.5,15.5,15.5,15.5,15.5,15.5,15.5,15.5,15.5,15.5,15.5,15.5,15.5,15.5,15.5,15.5,15.5,15.5,15.5,15.5,15.5,15.5,15.5,15.5,15.5,15.5,15.5,15.5,15.5,15.5,15.5,15.5,15.5,15.5,15.5,15.5,15.5,15.5,15.5,15.5,15.5,15.5,15.5,15.5,15.5,15.5,15.5,15.5,15.5,15.5,15.5,15.5,15.5,15.5,15.5,15.5,15.5,15.5,15.5,15.5,15.5,15.5,15.5,15.5,15.5,15.5,15.5,15.5,15.5,15.5,15.5,15.5,15.5,15.5,15.5,15.5,15.5,15.5,15.5,15.5,15.5,15.5,15.5,15.5,15.5,15.5,15.5,15.5,15.5,15.5,15.5,15.5,15.5,15.5,15.5,15.5,15.5,15.5,15.5,15.5,15.5,15.5,15.5,15.5,15.5,15.5,15.5,15.5,15.5,15.5,15.5,15.5,15.5,15.5
Ch7,14,14,14,14,15,15,15,15,15,15,15,15,15.5,15.5,15.5,15.5,15.5,15.5,15.5,15.5,15.5,15.5,15.5,15.5,15.5,15.5,15.5,15.5,15.5,15.5,15.5,15.5,15.5,15.5,15.5,15.5,15.5,15.5,15.5,15.5,15.5,15.5,15.5,15.5,15.5,15.5,15.5,15.5,15.5,15.5,15.5,15.5,15.5,15.5,15.5,15.5,15.5,15.5,15.5,15.5,15.5,15.5,15.5,15.5,15.5,15.5,15.5,15.5,15.5,15.5,15.5,15.5,15.5,15.5,15.5,15.5,15.5,15.5,15.5,15.5,15.5,15.5,15.5,15.5,15.5,15.5,15.5,15.5,15.5,15.5,15.5,15.5,15.5,15.5,15.5,15.5,15.5,15.5,15.5,15.5,15.5,15.5,15.5,15.5,15.5,15.5,15.5,15.5,15.5,15.5,15.5,15.5,15.5,15.5,15.5,15.5,15.5,15.5,15.5,15.5,15.5,15.5,15.5,15.5,15.5,15.5,15.5,15.5,15.5,15.5,15.5,15.5,15.5,15.5,15.5,15.5,15.5,15.5,15.5,15.5,15.5,15.5,15.5,15.5,15.5
Ch8,14,14,14,14,15,15,15,15,15,15,15,15,15.5,15.5,15.5,15.5,15.5,15.5,15.5,15.5,15.5,15.5,15.5,15.5,15.5,15.5,15.5,15.5,15.5,15.5,15.5,15.5,15.5,15.5,15.5,15.5,15.5,15.5,15.5,15.5,15.5,15.5,15.5,15.5,15.5,15.5,15.5,15.5,15.5,15.5,15.5,15.5,15.5,15.5,15.5,15.5,15.5,15.5,15.5,15.5,15.5,15.5,15.5,15.5,15.5,15.5,15.5,15.5,15.5,15.5,15.5,15.5,15.5,15.5,15.5,15.5,15.5,15.5,15.5,15.5,15.5,15.5,15.5,15.5,15.5,15.5,15.5,15.5,15.5,15.5,15.5,15.5,15.5,15.5,15.5,15.5,15.5,15.5,15.5,15.5,15.5,15.5,15.5,15.5,15.5,15.5,15.5,15.5,15.5,15.5,15.5,15.5,15.5,15.5,15.5,15.5,15.5,15.5,15.5,15.5,15.5,15.5,15.5,15.5,15.5,15.5,15.5,15.5,15.5,15.5,15.5,15.5,15.5,15.5,15.5,15.5,15.5,15.5,15.5,15.5,15.5,15.5,15.5,15.5,15.5
Ch9,14,14,14,14,15,15,15,15,15,15,15,15,15.5,15.5,15.5,15.5,15.5,15.5,15.5,15.5,15.5,15.5,15.5,15.5,15.5,15.5,15.5,15.5,15.5,15.5,15.5,15.5,15.5,15.5,15.5,15.5,15.5,15.5,15.5,15.5,15.5,15.5,15.5,15.5,15.5,15.5,15.5,15.5,15.5,15.5,15.5,15.5,15.5,15.5,15.5,15.5,15.5,15.5,15.5,15.5,15.5,15.5,15.5,15.5,15.5,15.5,15.5,15.5,15.5,15.5,15.5,15.5,15.5,15.5,15.5,15.5,15.5,15.5,15.5,15.5,15.5,15.5,15.5,15.5,15.5,15.5,15.5,15.5,15.5,15.5,15.5,15.5,15.5,15.5,15.5,15.5,15.5,15.5,15.5,15.5,15.5,15.5,15.5,15.5,15.5,15.5,15.5,15.5,15.5,15.5,15.5,15.5,15.5,15.5,15.5,15.5,15.5,15.5,15.5,15.5,15.5,15.5,15.5,15.5,15.5,15.5,15.5,15.5,15.5,15.5,15.5,15.5,15.5,15.5,15.5,15.5,15.5,15.5,15.5,15.5,15.5,15.5,15.5,15.5,15.5
Ch10,14,14,14,14,15,15,15,15,15,15,15,15,15.5,15.5,15.5,15.5,15.5,15.5,15.5,15.5,15.5,15.5,15.5,15.5,15.5,15.5,15.5,15.5,15.5,15.5,15.5,15.5,15.5,15.5,15.5,15.5,15.5,15.5,15.5,15.5,15.5,15.5,15.5,15.5,15.5,15.5,15.5,15.5,15.5,15.5,15.5,15.5,15.5,15.5,15.5,15.5,15.5,15.5,15.5,15.5,15.5,15.5,15.5,15.5,15.5,15.5,15.5,15.5,15.5,15.5,15.5,15.5,15.5,15.5,15.5,15.5,15.5,15.5,15.5,15.5,15.5,15.5,15.5,15.5,15.5,15.5,15.5,15.5,15.5,15.5,15.5,15.5,15.5,15.5,15.5,15.5,15.5,15.5,15.5,15.5,15.5,15.5,15.5,15.5,15.5,15.5,15.5,15.5,15.5,15.5,15.5,15.5,15.5,15.5,15.5,15.5,15.5,15.5,15.5,15.5,15.5,15.5,15.5,15.5,15.5,15.5,15.5,15.5,15.5,15.5,15.5,15.5,15.5,15.5,15.5,15.5,15.5,15.5,15.5,15.5,15.5,15.5,15.5,15.5,15.5
Ch11,14,14,14,14,15,15,15,15,15,15,15,15,15.5,15.5,15.5,15.5,15.5,15.5,15.5,15.5,15.5,15.5,15.5,15.5,15.5,15.5,15.5,15.5,15.5,15.5,15.5,15.5,15.5,15.5,15.5,15.5,15.5,15.5,15.5,15.5,15.5,15.5,15.5,15.5,15.5,15.5,15.5,15.5,15.5,15.5,15.5,15.5,15.5,15.5,15.5,15.5,15.5,15.5,15.5,15.5,15.5,15.5,15.5,15.5,15.5,15.5,15.5,15.5,15.5,15.5,15.5,15.5,15.5,15.5,15.5,15.5,15.5,15.5,15.5,15.5,15.5,15.5,15.5,15.5,15.5,15.5,15.5,15.5,15.5,15.5,15.5,15.5,15.5,15.5,15.5,15.5,15.5,15.5,15.5,15.5,15.5,15.5,15.5,15.5,15.5,15.5,15.5,15.5,15.5,16,16,16,16,16,16,16,16,16,16,16,16,16,16,16,16,16,16,16,16,16,16,16,16,16,16,16,16,16,16,16,16,16,16,16,16
Ch12,14,14,14,14,15,15,15,15,15,15,15,15,15.5,15.5,15.5,15.5,15.5,15.5,15.5,15.5,15.5,15.5,15.5,15.5,15.5,15.5,15.5,15.5,15.5,15.5,15.5,15.5,15.5,15.5,15.5,15.5,15.5,15.5,15.5,15.5,15.5,15.5,15.5,15.5,15.5,15.5,15.5,15.5,15.5,15.5,15.5,15.5,15.5,15.5,15.5,15.5,15.5,15.5,15.5,15.5,15.5,15.5,15.5,15.5,15.5,15.5,15.5,15.5,15.5,15.5,15.5,15.5,15.5,15.5,15.5,15.5,15.5,15.5,15.5,15.5,15.5,15.5,15.5,15.5,15.5,15.5,15.5,15.5,15.5,15.5,15.5,15.5,15.5,15.5,15.5,15.5,15.5,15.5,15.5,15.5,15.5,15.5,15.5,15.5,15.5,15.5,15.5,15.5,15.5,16,16,16,16,16,16,16,16,16,16,16,16,16,16,16,16,16,16,16,16,16,16,16,16,16,16,16,16,16,16,16,16,16,16,16,16
Ch13,14,14,14,14,15,15,15,15,15,15,15,15,15.5,15.5,15.5,15.5,15.5,15.5,15.5,15.5,15.5,15.5,15.5,15.5,15.5,15.5,15.5,15.5,15.5,15.5,15.5,15.5,15.5,15.5,15.5,15.5,15.5,15.5,15.5,15.5,15.5,15.5,15.5,15.5,15.5,15.5,15.5,15.5,15.5,15.5,15.5,15.5,15.5,15.5,15.5,15.5,15.5,15.5,15.5,15.5,15.5,16,16,16,16,16,16,16,16,16,16,16,16,16,16,16,16,16,16,16,16,16,16,16,16,16,16,16,16,16,16,16,16,16,16,16,16,16,16,16,16,16,16,16,16,16,16,16,16,16,16,16,16,16,16,16,16,16,16,16,16,16,16,16,16,16,16,16,16,16,16,16,16,16,16,16,16,16,16,16,16,16,16,16,16
Ch14,14,14,14,14,15,15,15,15,15,15,15,15,15.5,15.5,15.5,15.5,15.5,15.5,15.5,15.5,15.5,15.5,15.5,15.5,15.5,15.5,15.5,15.5,15.5,15.5,15.5,15.5,15.5,15.5,15.5,15.5,15.5,15.5,15.5,15.5,15.5,15.5,15.5,15.5,15.5,15.5,15.5,15.5,15.5,15.5,15.5,15.5,15.5,15.5,15.5,15.5,15.5,15.5,15.5,15.5,15.5,16,16,16,16,16,16,16,16,16,16,16,16,16,16,16,16,16,16,16,16,16,16,16,16,16,16,16,16,16,16,16,16,16,16,16,16,16,16,16,16,16,16,16,16,16,16,16,16,16,16,16,16,16,16,16,16,16,16,16,16,16,16,16,16,16,16,16,16,16,16,16,16,16,16,16,16,16,16,16,16,16,16,16,16
,,,,,,,,,,,,,,,,,,,,,,,,,,,,,,,,,,,,,,,,,,,,,,,,,,,,,,,,,,,,,,,,,,,,,,,,,,,,,,,,,,,,,,,,,,,,,,,,,,,,,,,,,,,,,,,,,,,,,,,,,,,,,,,,,,,,,,,,,,,,,,,,,
# 5G Channel,CCK,,,,OFDM,,,,,,,,BW20 (HT/VHT),,,,,,,,,,,,BW40 (HT/VHT),,,,,,,,,,,,,BW80 (HT/VHT),,,,,,,,,,,,BW160 (HT/VHT),,,,,,,,,,,,RU26,,,,,,,,,,,,RU52,,,,,,,,,,,,RU106,,,,,,,,,,,,RU242,,,,,,,,,,,,RU484,,,,,,,,,,,,RU996,,,,,,,,,,,,RU996X2,,,,,,,,,,,
Band: 5G,CCK_1M,CCK_2M,CCK_5.5M,CCK_11M,OFDM_6M,OFDM_9M,OFDM_12M,OFDM_18M,OFDM_24M,OFDM36M,OFDM_48M,OFDM_54M,M0,M1,M2,M3,M4,M5,M6,M7,M8,M9,M10,M11,M0,M1,M2,M3,M4,M5,M6,M7,M8,M9,M10,M11,HT40_MCS32,M0,M1,M2,M3,M4,M5,M6,M7,M8,M9,M10,M11,M0,M1,M2,M3,M4,M5,M6,M7,M8,M9,M10,M11,M0,M1,M2,M3,M4,M5,M6,M7,M8,M9,M10,M11,M0,M1,M2,M3,M4,M5,M6,M7,M8,M9,M10,M11,M0,M1,M2,M3,M4,M5,M6,M7,M8,M9,M10,M11,M0,M1,M2,M3,M4,M5,M6,M7,M8,M9,M10,M11,M0,M1,M2,M3,M4,M5,M6,M7,M8,M9,M10,M11,M0,M1,M2,M3,M4,M5,M6,M7,M8,M9,M10,M11,M0,M1,M2,M3,M4,M5,M6,M7,M8,M9,M10,M11
Ch184,23,23,23,23,23,23,23,23,23,23,23,23,24.5,24.5,24.5,24.5,24.5,24.5,24.5,24.5,24.5,24.5,24.5,24.5,25,25,25,25,25,25,25,25,25,25,25,25,25,25,25,25,25,25,25,25,25,25,25,25,25,24.5,24.5,24.5,24.5,24.5,24.5,24.5,24.5,24.5,24.5,24.5,24.5,24.5,24.5,24.5,24.5,24.5,24.5,24.5,24.5,24.5,24.5,24.5,24.5,24.5,24.5,24.5,24.5,24.5,24.5,24.5,24.5,24.5,24.5,24.5,24.5,24.5,24.5,24.5,24.5,24.5,24.5,24.5,24.5,24.5,24.5,24.5,24.5,24.5,24.5,24.5,24.5,24.5,24.5,24.5,24.5,24.5,24.5,24.5,24.5,24.5,24.5,24.5,24.5,24.5,24.5,24.5,24.5,24.5,24.5,24.5,24.5,24.5,24.5,24.5,24.5,24.5,24.5,24.5,24.5,24.5,24.5,24.5,24.5,24.5,24.5,24.5,24.5,24.5,24.5,24.5,24.5,24.5,24.5,24.5,24.5
Ch188,23,23,23,23,23,23,23,23,23,23,23,23,24.5,24.5,24.5,24.5,24.5,24.5,24.5,24.5,24.5,24.5,24.5,24.5,25,25,25,25,25,25,25,25,25,25,25,25,25,25,25,25,25,25,25,25,25,25,25,25,25,24.5,24.5,24.5,24.5,24.5,24.5,24.5,24.5,24.5,24.5,24.5,24.5,24.5,24.5,24.5,24.5,24.5,24.5,24.5,24.5,24.5,24.5,24.5,24.5,24.5,24.5,24.5,24.5,24.5,24.5,24.5,24.5,24.5,24.5,24.5,24.5,24.5,24.5,24.5,24.5,24.5,24.5,24.5,24.5,24.5,24.5,24.5,24.5,24.5,24.5,24.5,24.5,24.5,24.5,24.5,24.5,24.5,24.5,24.5,24.5,24.5,24.5,24.5,24.5,24.5,24.5,24.5,24.5,24.5,24.5,24.5,24.5,24.5,24.5,24.5,24.5,24.5,24.5,24.5,24.5,24.5,24.5,24.5,24.5,24.5,24.5,24.5,24.5,24.5,24.5,24.5,24.5,24.5,24.5,24.5,24.5
Ch192,23,23,23,23,23,23,23,23,23,23,23,23,24.5,24.5,24.5,24.5,24.5,24.5,24.5,24.5,24.5,24.5,24.5,24.5,25,25,25,25,25,25,25,25,25,25,25,25,25,25,25,25,25,25,25,25,25,25,25,25,25,24.5,24.5,24.5,24.5,24.5,24.5,24.5,24.5,24.5,24.5,24.5,24.5,24.5,24.5,24.5,24.5,24.5,24.5,24.5,24.5,24.5,24.5,24.5,24.5,24.5,24.5,24.5,24.5,24.5,24.5,24.5,24.5,24.5,24.5,24.5,24.5,24.5,24.5,24.5,24.5,24.5,24.5,24.5,24.5,24.5,24.5,24.5,24.5,24.5,24.5,24.5,24.5,24.5,24.5,24.5,24.5,24.5,24.5,24.5,24.5,24.5,24.5,24.5,24.5,24.5,24.5,24.5,24.5,24.5,24.5,24.5,24.5,24.5,24.5,24.5,24.5,24.5,24.5,24.5,24.5,24.5,24.5,24.5,24.5,24.5,24.5,24.5,24.5,24.5,24.5,24.5,24.5,24.5,24.5,24.5,24.5
Ch196,23,23,23,23,23,23,23,23,23,23,23,23,24.5,24.5,24.5,24.5,24.5,24.5,24.5,24.5,24.5,24.5,24.5,24.5,25,25,25,25,25,25,25,25,25,25,25,25,25,25,25,25,25,25,25,25,25,25,25,25,25,24.5,24.5,24.5,24.5,24.5,24.5,24.5,24.5,24.5,24.5,24.5,24.5,24.5,24.5,24.5,24.5,24.5,24.5,24.5,24.5,24.5,24.5,24.5,24.5,24.5,24.5,24.5,24.5,24.5,24.5,24.5,24.5,24.5,24.5,24.5,24.5,24.5,24.5,24.5,24.5,24.5,24.5,24.5,24.5,24.5,24.5,24.5,24.5,24.5,24.5,24.5,24.5,24.5,24.5,24.5,24.5,24.5,24.5,24.5,24.5,24.5,24.5,24.5,24.5,24.5,24.5,24.5,24.5,24.5,24.5,24.5,24.5,24.5,24.5,24.5,24.5,24.5,24.5,24.5,24.5,24.5,24.5,24.5,24.5,24.5,24.5,24.5,24.5,24.5,24.5,24.5,24.5,24.5,24.5,24.5,24.5
Ch8,23,23,23,23,23,23,23,23,23,23,23,23,24.5,24.5,24.5,24.5,24.5,24.5,24.5,24.5,24.5,24.5,24.5,24.5,25,25,25,25,25,25,25,25,25,25,25,25,25,25,25,25,25,25,25,25,25,25,25,25,25,24.5,24.5,24.5,24.5,24.5,24.5,24.5,24.5,24.5,24.5,24.5,24.5,24.5,24.5,24.5,24.5,24.5,24.5,24.5,24.5,24.5,24.5,24.5,24.5,24.5,24.5,24.5,24.5,24.5,24.5,24.5,24.5,24.5,24.5,24.5,24.5,24.5,24.5,24.5,24.5,24.5,24.5,24.5,24.5,24.5,24.5,24.5,24.5,24.5,24.5,24.5,24.5,24.5,24.5,24.5,24.5,24.5,24.5,24.5,24.5,24.5,24.5,24.5,24.5,24.5,24.5,24.5,24.5,24.5,24.5,24.5,24.5,24.5,24.5,24.5,24.5,24.5,24.5,24.5,24.5,24.5,24.5,24.5,24.5,24.5,24.5,24.5,24.5,24.5,24.5,24.5,24.5,24.5,24.5,24.5,24.5
Ch12,23,23,23,23,23,23,23,23,23,23,23,23,24.5,24.5,24.5,24.5,24.5,24.5,24.5,24.5,24.5,24.5,24.5,24.5,25,25,25,25,25,25,25,25,25,25,25,25,25,25,25,25,25,25,25,25,25,25,25,25,25,24.5,24.5,24.5,24.5,24.5,24.5,24.5,24.5,24.5,24.5,24.5,24.5,24.5,24.5,24.5,24.5,24.5,24.5,24.5,24.5,24.5,24.5,24.5,24.5,24.5,24.5,24.5,24.5,24.5,24.5,24.5,24.5,24.5,24.5,24.5,24.5,24.5,24.5,24.5,24.5,24.5,24.5,24.5,24.5,24.5,24.5,24.5,24.5,24.5,24.5,24.5,24.5,24.5,24.5,24.5,24.5,24.5,24.5,24.5,24.5,24.5,24.5,24.5,24.5,24.5,24.5,24.5,24.5,24.5,24.5,24.5,24.5,24.5,24.5,24.5,24.5,24.5,24.5,24.5,24.5,24.5,24.5,24.5,24.5,24.5,24.5,24.5,24.5,24.5,24.5,24.5,24.5,24.5,24.5,24.5,24.5
Ch16,23,23,23,23,23,23,23,23,23,23,23,23,24.5,24.5,24.5,24.5,24.5,24.5,24.5,24.5,24.5,24.5,24.5,24.5,25,25,25,25,25,25,25,25,25,25,25,25,25,25,25,25,25,25,25,25,25,25,25,25,25,24.5,24.5,24.5,24.5,24.5,24.5,24.5,24.5,24.5,24.5,24.5,24.5,24.5,24.5,24.5,24.5,24.5,24.5,24.5,24.5,24.5,24.5,24.5,24.5,24.5,24.5,24.5,24.5,24.5,24.5,24.5,24.5,24.5,24.5,24.5,24.5,24.5,24.5,24.5,24.5,24.5,24.5,24.5,24.5,24.5,24.5,24.5,24.5,24.5,24.5,24.5,24.5,24.5,24.5,24.5,24.5,24.5,24.5,24.5,24.5,24.5,24.5,24.5,24.5,24.5,24.5,24.5,24.5,24.5,24.5,24.5,24.5,24.5,24.5,24.5,24.5,24.5,24.5,24.5,24.5,24.5,24.5,24.5,24.5,24.5,24.5,24.5,24.5,24.5,24.5,24.5,24.5,24.5,24.5,24.5,24.5
Ch36,16.5,16.5,16.5,16.5,16.5,16.5,16.5,16.5,16.5,16.5,16.5,16.5,16.5,16.5,16.5,16.5,16.5,16.5,16.5,16.5,16.5,16.5,16.5,16.5,17.5,17.5,17.5,17.5,17.5,17.5,17.5,17.5,17.5,17.5,17.5,17.5,17.5,17.5,17.5,17.5,17.5,17.5,17.5,17.5,17.5,17.5,17.5,17.5,17.5,17.5,17.5,17.5,17.5,17.5,17.5,17.5,17.5,17.5,17.5,17.5,17.5,16.5,16.5,16.5,16.5,16.5,16.5,16.5,16.5,16.5,16.5,16.5,16.5,16.5,16.5,16.5,16.5,16.5,16.5,16.5,16.5,16.5,16.5,16.5,16.5,16.5,16.5,16.5,16.5,16.5,16.5,16.5,16.5,16.5,16.5,16.5,16.5,16.5,16.5,16.5,16.5,16.5,16.5,16.5,16.5,16.5,16.5,16.5,16.5,18,18,18,18,18,18,18,18,18,18,18,18,18,18,18,18,18,18,18,18,18,18,18,18,18,18,18,18,18,18,18,18,18,18,18,18
Ch40,16.5,16.5,16.5,16.5,16.5,16.5,16.5,16.5,16.5,16.5,16.5,16.5,17,17,17,17,17,17,17,17,17,17,17,17,17.5,17.5,17.5,17.5,17.5,17.5,17.5,17.5,17.5,17.5,17.5,17.5,17.5,17.5,17.5,17.5,17.5,17.5,17.5,17.5,17.5,17.5,17.5,17.5,17.5,17.5,17.5,17.5,17.5,17.5,17.5,17.5,17.5,17.5,17.5,17.5,17.5,17,17,17,17,17,17,17,17,17,17,17,17,17,17,17,17,17,17,17,17,17,17,17,17,17,17,17,17,17,17,17,17,17,17,17,17,17,17,17,17,17,17,17,17,17,17,17,17,18,18,18,18,18,18,18,18,18,18,18,18,18,18,18,18,18,18,18,18,18,18,18,18,18,18,18,18,18,18,18,18,18,18,18,18
Ch44,16.5,16.5,16.5,16.5,16.5,16.5,16.5,16.5,16.5,16.5,16.5,16.5,17,17,17,17,17,17,17,17,17,17,17,17,18.5,18.5,18.5,18.5,18.5,18.5,18.5,18.5,18.5,18.5,18.5,18.5,18.5,17.5,17.5,17.5,17.5,17.5,17.5,17.5,17.5,17.5,17.5,17.5,17.5,17.5,17.5,17.5,17.5,17.5,17.5,17.5,17.5,17.5,17.5,17.5,17.5,17,17,17,17,17,17,17,17,17,17,17,17,17,17,17,17,17,17,17,17,17,17,17,17,17,17,17,17,17,17,17,17,17,17,17,17,17,17,17,17,17,17,17,17,17,17,17,17,19,19,19,19,19,19,19,19,19,19,19,19,18,18,18,18,18,18,18,18,18,18,18,18,18,18,18,18,18,18,18,18,18,18,18,18
Ch48,16.5,16.5,16.5,16.5,16.5,16.5,16.5,16.5,16.5,16.5,16.5,16.5,17,17,17,17,17,17,17,17,17,17,17,17,18.5,18.5,18.5,18.5,18.5,18.5,18.5,18.5,18.5,18.5,18.5,18.5,18.5,17.5,17.5,17.5,17.5,17.5,17.5,17.5,17.5,17.5,17.5,17.5,17.5,17.5,17.5,17.5,17.5,17.5,17.5,17.5,17.5,17.5,17.5,17.5,17.5,17,17,17,17,17,17,17,17,17,17,17,17,17,17,17,17,17,17,17,17,17,17,17,17,17,17,17,17,17,17,17,17,17,17,17,17,17,17,17,17,17,17,17,17,17,17,17,17,19,19,19,19,19,19,19,19,19,19,19,19,18,18,18,18,18,18,18,18,18,18,18,18,18,18,18,18,18,18,18,18,18,18,18,18
Ch52,16.5,16.5,16.5,16.5,16.5,16.5,16.5,16.5,16.5,16.5,16.5,16.5,17,17,17,17,17,17,17,17,17,17,17,17,18.5,18.5,18.5,18.5,18.5,18.5,18.5,18.5,18.5,18.5,18.5,18.5,18.5,18.5,18.5,18.5,18.5,18.5,18.5,18.5,18.5,18.5,18.5,18.5,18.5,18.5,18.5,18.5,18.5,18.5,18.5,18.5,18.5,18.5,18.5,18.5,18.5,17,17,17,17,17,17,17,17,17,17,17,17,17,17,17,17,17,17,17,17,17,17,17,17,17,17,17,17,17,17,17,17,17,17,17,17,17,17,17,17,17,17,17,17,17,17,17,17,19,19,19,19,19,19,19,19,19,19,19,19,19,19,19,19,19,19,19,19,19,19,19,19,19,19,19,19,19,19,19,19,19,19,19,19
Ch56,16.5,16.5,16.5,16.5,16.5,16.5,16.5,16.5,16.5,16.5,16.5,16.5,17,17,17,17,17,17,17,17,17,17,17,17,18.5,18.5,18.5,18.5,18.5,18.5,18.5,18.5,18.5,18.5,18.5,18.5,18.5,18.5,18.5,18.5,18.5,18.5,18.5,18.5,18.5,18.5,18.5,18.5,18.5,18.5,18.5,18.5,18.5,18.5,18.5,18.5,18.5,18.5,18.5,18.5,18.5,17,17,17,17,17,17,17,17,17,17,17,17,17,17,17,17,17,17,17,17,17,17,17,17,17,17,17,17,17,17,17,17,17,17,17,17,17,17,17,17,17,17,17,17,17,17,17,17,19,19,19,19,19,19,19,19,19,19,19,19,19,19,19,19,19,19,19,19,19,19,19,19,19,19,19,19,19,19,19,19,19,19,19,19
Ch60,16.5,16.5,16.5,16.5,16.5,16.5,16.5,16.5,16.5,16.5,16.5,16.5,17,17,17,17,17,17,17,17,17,17,17,17,18.5,18.5,18.5,18.5,18.5,18.5,18.5,18.5,18.5,18.5,18.5,18.5,18.5,18.5,18.5,18.5,18.5,18.5,18.5,18.5,18.5,18.5,18.5,18.5,18.5,18.5,18.5,18.5,18.5,18.5,18.5,18.5,18.5,18.5,18.5,18.5,18.5,17,17,17,17,17,17,17,17,17,17,17,17,17,17,17,17,17,17,17,17,17,17,17,17,17,17,17,17,17,17,17,17,17,17,17,17,17,17,17,17,17,17,17,17,17,17,17,17,19,19,19,19,19,19,19,19,19,19,19,19,19,19,19,19,19,19,19,19,19,19,19,19,19,19,19,19,19,19,19,19,19,19,19,19
Ch64,16.5,16.5,16.5,16.5,16.5,16.5,16.5,16.5,16.5,16.5,16.5,16.5,17,17,17,17,17,17,17,17,17,17,17,17,18.5,18.5,18.5,18.5,18.5,18.5,18.5,18.5,18.5,18.5,18.5,18.5,18.5,18.5,18.5,18.5,18.5,18.5,18.5,18.5,18.5,18.5,18.5,18.5,18.5,18.5,18.5,18.5,18.5,18.5,18.5,18.5,18.5,18.5,18.5,18.5,18.5,17,17,17,17,17,17,17,17,17,17,17,17,17,17,17,17,17,17,17,17,17,17,17,17,17,17,17,17,17,17,17,17,17,17,17,17,17,17,17,17,17,17,17,17,17,17,17,17,19,19,19,19,19,19,19,19,19,19,19,19,19,19,19,19,19,19,19,19,19,19,19,19,19,19,19,19,19,19,19,19,19,19,19,19
Ch68,16.5,16.5,16.5,16.5,16.5,16.5,16.5,16.5,16.5,16.5,16.5,16.5,17,17,17,17,17,17,17,17,17,17,17,17,18.5,18.5,18.5,18.5,18.5,18.5,18.5,18.5,18.5,18.5,18.5,18.5,18.5,18.5,18.5,18.5,18.5,18.5,18.5,18.5,18.5,18.5,18.5,18.5,18.5,18.5,18.5,18.5,18.5,18.5,18.5,18.5,18.5,18.5,18.5,18.5,18.5,17,17,17,17,17,17,17,17,17,17,17,17,17,17,17,17,17,17,17,17,17,17,17,17,17,17,17,17,17,17,17,17,17,17,17,17,17,17,17,17,17,17,17,17,17,17,17,17,19,19,19,19,19,19,19,19,19,19,19,19,19,19,19,19,19,19,19,19,19,19,19,19,19,19,19,19,19,19,19,19,19,19,19,19
Ch72,16.5,16.5,16.5,16.5,16.5,16.5,16.5,16.5,16.5,16.5,16.5,16.5,17,17,17,17,17,17,17,17,17,17,17,17,18.5,18.5,18.5,18.5,18.5,18.5,18.5,18.5,18.5,18.5,18.5,18.5,18.5,18.5,18.5,18.5,18.5,18.5,18.5,18.5,18.5,18.5,18.5,18.5,18.5,18.5,18.5,18.5,18.5,18.5,18.5,18.5,18.5,18.5,18.5,18.5,18.5,17,17,17,17,17,17,17,17,17,17,17,17,17,17,17,17,17,17,17,17,17,17,17,17,17,17,17,17,17,17,17,17,17,17,17,17,17,17,17,17,17,17,17,17,17,17,17,17,19,19,19,19,19,19,19,19,19,19,19,19,19,19,19,19,19,19,19,19,19,19,19,19,19,19,19,19,19,19,19,19,19,19,19,19
Ch76,16.5,16.5,16.5,16.5,16.5,16.5,16.5,16.5,16.5,16.5,16.5,16.5,17,17,17,17,17,17,17,17,17,17,17,17,18.5,18.5,18.5,18.5,18.5,18.5,18.5,18.5,18.5,18.5,18.5,18.5,18.5,18.5,18.5,18.5,18.5,18.5,18.5,18.5,18.5,18.5,18.5,18.5,18.5,18.5,18.5,18.5,18.5,18.5,18.5,18.5,18.5,18.5,18.5,18.5,18.5,17,17,17,17,17,17,17,17,17,17,17,17,17,17,17,17,17,17,17,17,17,17,17,17,17,17,17,17,17,17,17,17,17,17,17,17,17,17,17,17,17,17,17,17,17,17,17,17,19,19,19,19,19,19,19,19,19,19,19,19,19,19,19,19,19,19,19,19,19,19,19,19,19,19,19,19,19,19,19,19,19,19,19,19
Ch80,16.5,16.5,16.5,16.5,16.5,16.5,16.5,16.5,16.5,16.5,16.5,16.5,17,17,17,17,17,17,17,17,17,17,17,17,18.5,18.5,18.5,18.5,18.5,18.5,18.5,18.5,18.5,18.5,18.5,18.5,18.5,18.5,18.5,18.5,18.5,18.5,18.5,18.5,18.5,18.5,18.5,18.5,18.5,18.5,18.5,18.5,18.5,18.5,18.5,18.5,18.5,18.5,18.5,18.5,18.5,17,17,17,17,17,17,17,17,17,17,17,17,17,17,17,17,17,17,17,17,17,17,17,17,17,17,17,17,17,17,17,17,17,17,17,17,17,17,17,17,17,17,17,17,17,17,17,17,19,19,19,19,19,19,19,19,19,19,19,19,19,19,19,19,19,19,19,19,19,19,19,19,19,19,19,19,19,19,19,19,19,19,19,19
Ch84,16.5,16.5,16.5,16.5,16.5,16.5,16.5,16.5,16.5,16.5,16.5,16.5,17,17,17,17,17,17,17,17,17,17,17,17,18.5,18.5,18.5,18.5,18.5,18.5,18.5,18.5,18.5,18.5,18.5,18.5,18.5,18.5,18.5,18.5,18.5,18.5,18.5,18.5,18.5,18.5,18.5,18.5,18.5,18.5,18.5,18.5,18.5,18.5,18.5,18.5,18.5,18.5,18.5,18.5,18.5,17,17,17,17,17,17,17,17,17,17,17,17,17,17,17,17,17,17,17,17,17,17,17,17,17,17,17,17,17,17,17,17,17,17,17,17,17,17,17,17,17,17,17,17,17,17,17,17,19,19,19,19,19,19,19,19,19,19,19,19,19,19,19,19,19,19,19,19,19,19,19,19,19,19,19,19,19,19,19,19,19,19,19,19
Ch88,16.5,16.5,16.5,16.5,16.5,16.5,16.5,16.5,16.5,16.5,16.5,16.5,17,17,17,17,17,17,17,17,17,17,17,17,18.5,18.5,18.5,18.5,18.5,18.5,18.5,18.5,18.5,18.5,18.5,18.5,18.5,18.5,18.5,18.5,18.5,18.5,18.5,18.5,18.5,18.5,18.5,18.5,18.5,18.5,18.5,18.5,18.5,18.5,18.5,18.5,18.5,18.5,18.5,18.5,18.5,17,17,17,17,17,17,17,17,17,17,17,17,17,17,17,17,17,17,17,17,17,17,17,17,17,17,17,17,17,17,17,17,17,17,17,17,17,17,17,17,17,17,17,17,17,17,17,17,19,19,19,19,19,19,19,19,19,19,19,19,19,19,19,19,19,19,19,19,19,19,19,19,19,19,19,19,19,19,19,19,19,19,19,19
Ch92,16.5,16.5,16.5,16.5,16.5,16.5,16.5,16.5,16.5,16.5,16.5,16.5,17,17,17,17,17,17,17,17,17,17,17,17,18.5,18.5,18.5,18.5,18.5,18.5,18.5,18.5,18.5,18.5,18.5,18.5,18.5,18.5,18.5,18.5,18.5,18.5,18.5,18.5,18.5,18.5,18.5,18.5,18.5,18.5,18.5,18.5,18.5,18.5,18.5,18.5,18.5,18.5,18.5,18.5,18.5,17,17,17,17,17,17,17,17,17,17,17,17,17,17,17,17,17,17,17,17,17,17,17,17,17,17,17,17,17,17,17,17,17,17,17,17,17,17,17,17,17,17,17,17,17,17,17,17,19,19,19,19,19,19,19,19,19,19,19,19,19,19,19,19,19,19,19,19,19,19,19,19,19,19,19,19,19,19,19,19,19,19,19,19
Ch96,16.5,16.5,16.5,16.5,16.5,16.5,16.5,16.5,16.5,16.5,16.5,16.5,17,17,17,17,17,17,17,17,17,17,17,17,18.5,18.5,18.5,18.5,18.5,18.5,18.5,18.5,18.5,18.5,18.5,18.5,18.5,18.5,18.5,18.5,18.5,18.5,18.5,18.5,18.5,18.5,18.5,18.5,18.5,18.5,18.5,18.5,18.5,18.5,18.5,18.5,18.5,18.5,18.5,18.5,18.5,17,17,17,17,17,17,17,17,17,17,17,17,17,17,17,17,17,17,17,17,17,17,17,17,17,17,17,17,17,17,17,17,17,17,17,17,17,17,17,17,17,17,17,17,17,17,17,17,19,19,19,19,19,19,19,19,19,19,19,19,19,19,19,19,19,19,19,19,19,19,19,19,19,19,19,19,19,19,19,19,19,19,19,19
Ch100,23,23,23,23,23,23,23,23,23,23,23,23,23.5,23.5,23.5,23.5,23.5,23.5,23.5,23.5,23.5,23.5,23.5,23.5,24.5,24.5,24.5,24.5,24.5,24.5,24.5,24.5,24.5,24.5,24.5,24.5,24.5,24.5,24.5,24.5,24.5,24.5,24.5,24.5,24.5,24.5,24.5,24.5,24.5,24.5,24.5,24.5,24.5,24.5,24.5,24.5,24.5,24.5,24.5,24.5,24.5,23.5,23.5,23.5,23.5,23.5,23.5,23.5,23.5,23.5,23.5,23.5,23.5,23.5,23.5,23.5,23.5,23.5,23.5,23.5,23.5,23.5,23.5,23.5,23.5,23.5,23.5,23.5,23.5,23.5,23.5,23.5,23.5,23.5,23.5,23.5,23.5,23.5,23.5,23.5,23.5,23.5,23.5,23.5,23.5,23.5,23.5,23.5,23.5,24.5,24.5,24.5,24.5,24.5,24.5,24.5,24.5,24.5,24.5,24.5,24.5,24.5,24.5,24.5,24.5,24.5,24.5,24.5,24.5,24.5,24.5,24.5,24.5,24.5,24.5,24.5,24.5,24.5,24.5,24.5,24.5,24.5,24.5,24.5,24.5
Ch104,23,23,23,23,23,23,23,23,23,23,23,23,24,24,24,24,24,24,24,24,24,24,24,24,24.5,24.5,24.5,24.5,24.5,24.5,24.5,24.5,24.5,24.5,24.5,24.5,24.5,24.5,24.5,24.5,24.5,24.5,24.5,24.5,24.5,24.5,24.5,24.5,24.5,24.5,24.5,24.5,24.5,24.5,24.5,24.5,24.5,24.5,24.5,24.5,24.5,24,24,24,24,24,24,24,24,24,24,24,24,24,24,24,24,24,24,24,24,24,24,24,24,24,24,24,24,24,24,24,24,24,24,24,24,24,24,24,24,24,24,24,24,24,24,24,24,24.5,24.5,24.5,24.5,24.5,24.5,24.5,24.5,24.5,24.5,24.5,24.5,24.5,24.5,24.5,24.5,24.5,24.5,24.5,24.5,24.5,24.5,24.5,24.5,24.5,24.5,24.5,24.5,24.5,24.5,24.5,24.5,24.5,24.5,24.5,24.5
Ch108,23,23,23,23,23,23,23,23,23,23,23,23,24,24,24,24,24,24,24,24,24,24,24,24,24.5,24.5,24.5,24.5,24.5,24.5,24.5,24.5,24.5,24.5,24.5,24.5,24.5,24.5,24.5,24.5,24.5,24.5,24.5,24.5,24.5,24.5,24.5,24.5,24.5,24.5,24.5,24.5,24.5,24.5,24.5,24.5,24.5,24.5,24.5,24.5,24.5,24,24,24,24,24,24,24,24,24,24,24,24,24,24,24,24,24,24,24,24,24,24,24,24,24,24,24,24,24,24,24,24,24,24,24,24,24,24,24,24,24,24,24,24,24,24,24,24,24.5,24.5,24.5,24.5,24.5,24.5,24.5,24.5,24.5,24.5,24.5,24.5,24.5,24.5,24.5,24.5,24.5,24.5,24.5,24.5,24.5,24.5,24.5,24.5,24.5,24.5,24.5,24.5,24.5,24.5,24.5,24.5,24.5,24.5,24.5,24.5
Ch112,23,23,23,23,23,23,23,23,23,23,23,23,24,24,24,24,24,24,24,24,24,24,24,24,24.5,24.5,24.5,24.5,24.5,24.5,24.5,24.5,24.5,24.5,24.5,24.5,24.5,24.5,24.5,24.5,24.5,24.5,24.5,24.5,24.5,24.5,24.5,24.5,24.5,24.5,24.5,24.5,24.5,24.5,24.5,24.5,24.5,24.5,24.5,24.5,24.5,24,24,24,24,24,24,24,24,24,24,24,24,24,24,24,24,24,24,24,24,24,24,24,24,24,24,24,24,24,24,24,24,24,24,24,24,24,24,24,24,24,24,24,24,24,24,24,24,24.5,24.5,24.5,24.5,24.5,24.5,24.5,24.5,24.5,24.5,24.5,24.5,24.5,24.5,24.5,24.5,24.5,24.5,24.5,24.5,24.5,24.5,24.5,24.5,24.5,24.5,24.5,24.5,24.5,24.5,24.5,24.5,24.5,24.5,24.5,24.5
Ch116,23,23,23,23,23,23,23,23,23,23,23,23,24,24,24,24,24,24,24,24,24,24,24,24,24.5,24.5,24.5,24.5,24.5,24.5,24.5,24.5,24.5,24.5,24.5,24.5,24.5,24.5,24.5,24.5,24.5,24.5,24.5,24.5,24.5,24.5,24.5,24.5,24.5,24.5,24.5,24.5,24.5,24.5,24.5,24.5,24.5,24.5,24.5,24.5,24.5,24,24,24,24,24,24,24,24,24,24,24,24,24,24,24,24,24,24,24,24,24,24,24,24,24,24,24,24,24,24,24,24,24,24,24,24,24,24,24,24,24,24,24,24,24,24,24,24,24.5,24.5,24.5,24.5,24.5,24.5,24.5,24.5,24.5,24.5,24.5,24.5,24.5,24.5,24.5,24.5,24.5,24.5,24.5,24.5,24.5,24.5,24.5,24.5,24.5,24.5,24.5,24.5,24.5,24.5,24.5,24.5,24.5,24.5,24.5,24.5
Ch120,23,23,23,23,23,23,23,23,23,23,23,23,24,24,24,24,24,24,24,24,24,24,24,24,24.5,24.5,24.5,24.5,24.5,24.5,24.5,24.5,24.5,24.5,24.5,24.5,24.5,24.5,24.5,24.5,24.5,24.5,24.5,24.5,24.5,24.5,24.5,24.5,24.5,24.5,24.5,24.5,24.5,24.5,24.5,24.5,24.5,24.5,24.5,24.5,24.5,24,24,24,24,24,24,24,24,24,24,24,24,24,24,24,24,24,24,24,24,24,24,24,24,24,24,24,24,24,24,24,24,24,24,24,24,24,24,24,24,24,24,24,24,24,24,24,24,24.5,24.5,24.5,24.5,24.5,24.5,24.5,24.5,24.5,24.5,24.5,24.5,24.5,24.5,24.5,24.5,24.5,24.5,24.5,24.5,24.5,24.5,24.5,24.5,24.5,24.5,24.5,24.5,24.5,24.5,24.5,24.5,24.5,24.5,24.5,24.5
Ch124,23,23,23,23,23,23,23,23,23,23,23,23,24,24,24,24,24,24,24,24,24,24,24,24,24.5,24.5,24.5,24.5,24.5,24.5,24.5,24.5,24.5,24.5,24.5,24.5,24.5,24.5,24.5,24.5,24.5,24.5,24.5,24.5,24.5,24.5,24.5,24.5,24.5,24.5,24.5,24.5,24.5,24.5,24.5,24.5,24.5,24.5,24.5,24.5,24.5,24,24,24,24,24,24,24,24,24,24,24,24,24,24,24,24,24,24,24,24,24,24,24,24,24,24,24,24,24,24,24,24,24,24,24,24,24,24,24,24,24,24,24,24,24,24,24,24,24.5,24.5,24.5,24.5,24.5,24.5,24.5,24.5,24.5,24.5,24.5,24.5,24.5,24.5,24.5,24.5,24.5,24.5,24.5,24.5,24.5,24.5,24.5,24.5,24.5,24.5,24.5,24.5,24.5,24.5,24.5,24.5,24.5,24.5,24.5,24.5
Ch128,23,23,23,23,23,23,23,23,23,23,23,23,24,24,24,24,24,24,24,24,24,24,24,24,24.5,24.5,24.5,24.5,24.5,24.5,24.5,24.5,24.5,24.5,24.5,24.5,24.5,24.5,24.5,24.5,24.5,24.5,24.5,24.5,24.5,24.5,24.5,24.5,24.5,24.5,24.5,24.5,24.5,24.5,24.5,24.5,24.5,24.5,24.5,24.5,24.5,24,24,24,24,24,24,24,24,24,24,24,24,24,24,24,24,24,24,24,24,24,24,24,24,24,24,24,24,24,24,24,24,24,24,24,24,24,24,24,24,24,24,24,24,24,24,24,24,24.5,24.5,24.5,24.5,24.5,24.5,24.5,24.5,24.5,24.5,24.5,24.5,24.5,24.5,24.5,24.5,24.5,24.5,24.5,24.5,24.5,24.5,24.5,24.5,24.5,24.5,24.5,24.5,24.5,24.5,24.5,24.5,24.5,24.5,24.5,24.5
Ch132,23,23,23,23,23,23,23,23,23,23,23,23,24,24,24,24,24,24,24,24,24,24,24,24,24.5,24.5,24.5,24.5,24.5,24.5,24.5,24.5,24.5,24.5,24.5,24.5,24.5,24.5,24.5,24.5,24.5,24.5,24.5,24.5,24.5,24.5,24.5,24.5,24.5,24.5,24.5,24.5,24.5,24.5,24.5,24.5,24.5,24.5,24.5,24.5,24.5,24,24,24,24,24,24,24,24,24,24,24,24,24,24,24,24,24,24,24,24,24,24,24,24,24,24,24,24,24,24,24,24,24,24,24,24,24,24,24,24,24,24,24,24,24,24,24,24,24.5,24.5,24.5,24.5,24.5,24.5,24.5,24.5,24.5,24.5,24.5,24.5,24.5,24.5,24.5,24.5,24.5,24.5,24.5,24.5,24.5,24.5,24.5,24.5,24.5,24.5,24.5,24.5,24.5,24.5,24.5,24.5,24.5,24.5,24.5,24.5
Ch136,23,23,23,23,23,23,23,23,23,23,23,23,24,24,24,24,24,24,24,24,24,24,24,24,24.5,24.5,24.5,24.5,24.5,24.5,24.5,24.5,24.5,24.5,24.5,24.5,24.5,24.5,24.5,24.5,24.5,24.5,24.5,24.5,24.5,24.5,24.5,24.5,24.5,24.5,24.5,24.5,24.5,24.5,24.5,24.5,24.5,24.5,24.5,24.5,24.5,24,24,24,24,24,24,24,24,24,24,24,24,24,24,24,24,24,24,24,24,24,24,24,24,24,24,24,24,24,24,24,24,24,24,24,24,24,24,24,24,24,24,24,24,24,24,24,24,24.5,24.5,24.5,24.5,24.5,24.5,24.5,24.5,24.5,24.5,24.5,24.5,24.5,24.5,24.5,24.5,24.5,24.5,24.5,24.5,24.5,24.5,24.5,24.5,24.5,24.5,24.5,24.5,24.5,24.5,24.5,24.5,24.5,24.5,24.5,24.5
Ch140,23,23,23,23,23,23,23,23,23,23,23,23,24,24,24,24,24,24,24,24,24,24,24,24,24.5,24.5,24.5,24.5,24.5,24.5,24.5,24.5,24.5,24.5,24.5,24.5,24.5,24.5,24.5,24.5,24.5,24.5,24.5,24.5,24.5,24.5,24.5,24.5,24.5,24.5,24.5,24.5,24.5,24.5,24.5,24.5,24.5,24.5,24.5,24.5,24.5,24,24,24,24,24,24,24,24,24,24,24,24,24,24,24,24,24,24,24,24,24,24,24,24,24,24,24,24,24,24,24,24,24,24,24,24,24,24,24,24,24,24,24,24,24,24,24,24,24.5,24.5,24.5,24.5,24.5,24.5,24.5,24.5,24.5,24.5,24.5,24.5,24.5,24.5,24.5,24.5,24.5,24.5,24.5,24.5,24.5,24.5,24.5,24.5,24.5,24.5,24.5,24.5,24.5,24.5,24.5,24.5,24.5,24.5,24.5,24.5
Ch144,23,23,23,23,23,23,23,23,23,23,23,23,24,24,24,24,24,24,24,24,24,24,24,24,24.5,24.5,24.5,24.5,24.5,24.5,24.5,24.5,24.5,24.5,24.5,24.5,24.5,24.5,24.5,24.5,24.5,24.5,24.5,24.5,24.5,24.5,24.5,24.5,24.5,24.5,24.5,24.5,24.5,24.5,24.5,24.5,24.5,24.5,24.5,24.5,24.5,24,24,24,24,24,24,24,24,24,24,24,24,24,24,24,24,24,24,24,24,24,24,24,24,24,24,24,24,24,24,24,24,24,24,24,24,24,24,24,24,24,24,24,24,24,24,24,24,24.5,24.5,24.5,24.5,24.5,24.5,24.5,24.5,24.5,24.5,24.5,24.5,24.5,24.5,24.5,24.5,24.5,24.5,24.5,24.5,24.5,24.5,24.5,24.5,24.5,24.5,24.5,24.5,24.5,24.5,24.5,24.5,24.5,24.5,24.5,24.5
Ch149,23,23,23,23,23,23,23,23,23,23,23,23,24,24,24,24,24,24,24,24,24,24,24,24,24.5,24.5,24.5,24.5,24.5,24.5,24.5,24.5,24.5,24.5,24.5,24.5,24.5,24.5,24.5,24.5,24.5,24.5,24.5,24.5,24.5,24.5,24.5,24.5,24.5,24.5,24.5,24.5,24.5,24.5,24.5,24.5,24.5,24.5,24.5,24.5,24.5,24,24,24,24,24,24,24,24,24,24,24,24,24,24,24,24,24,24,24,24,24,24,24,24,24,24,24,24,24,24,24,24,24,24,24,24,24,24,24,24,24,24,24,24,24,24,24,24,24.5,24.5,24.5,24.5,24.5,24.5,24.5,24.5,24.5,24.5,24.5,24.5,24.5,24.5,24.5,24.5,24.5,24.5,24.5,24.5,24.5,24.5,24.5,24.5,24.5,24.5,24.5,24.5,24.5,24.5,24.5,24.5,24.5,24.5,24.5,24.5
Ch153,23,23,23,23,23,23,23,23,23,23,23,23,24,24,24,24,24,24,24,24,24,24,24,24,24.5,24.5,24.5,24.5,24.5,24.5,24.5,24.5,24.5,24.5,24.5,24.5,24.5,24.5,24.5,24.5,24.5,24.5,24.5,24.5,24.5,24.5,24.5,24.5,24.5,24.5,24.5,24.5,24.5,24.5,24.5,24.5,24.5,24.5,24.5,24.5,24.5,24,24,24,24,24,24,24,24,24,24,24,24,24,24,24,24,24,24,24,24,24,24,24,24,24,24,24,24,24,24,24,24,24,24,24,24,24,24,24,24,24,24,24,24,24,24,24,24,24.5,24.5,24.5,24.5,24.5,24.5,24.5,24.5,24.5,24.5,24.5,24.5,24.5,24.5,24.5,24.5,24.5,24.5,24.5,24.5,24.5,24.5,24.5,24.5,24.5,24.5,24.5,24.5,24.5,24.5,24.5,24.5,24.5,24.5,24.5,24.5
Ch157,23,23,23,23,23,23,23,23,23,23,23,23,24,24,24,24,24,24,24,24,24,24,24,24,24.5,24.5,24.5,24.5,24.5,24.5,24.5,24.5,24.5,24.5,24.5,24.5,24.5,24.5,24.5,24.5,24.5,24.5,24.5,24.5,24.5,24.5,24.5,24.5,24.5,24.5,24.5,24.5,24.5,24.5,24.5,24.5,24.5,24.5,24.5,24.5,24.5,24,24,24,24,24,24,24,24,24,24,24,24,24,24,24,24,24,24,24,24,24,24,24,24,24,24,24,24,24,24,24,24,24,24,24,24,24,24,24,24,24,24,24,24,24,24,24,24,24.5,24.5,24.5,24.5,24.5,24.5,24.5,24.5,24.5,24.5,24.5,24.5,24.5,24.5,24.5,24.5,24.5,24.5,24.5,24.5,24.5,24.5,24.5,24.5,24.5,24.5,24.5,24.5,24.5,24.5,24.5,24.5,24.5,24.5,24.5,24.5
Ch161,23,23,23,23,23,23,23,23,23,23,23,23,24,24,24,24,24,24,24,24,24,24,24,24,24.5,24.5,24.5,24.5,24.5,24.5,24.5,24.5,24.5,24.5,24.5,24.5,24.5,24.5,24.5,24.5,24.5,24.5,24.5,24.5,24.5,24.5,24.5,24.5,24.5,24.5,24.5,24.5,24.5,24.5,24.5,24.5,24.5,24.5,24.5,24.5,24.5,24,24,24,24,24,24,24,24,24,24,24,24,24,24,24,24,24,24,24,24,24,24,24,24,24,24,24,24,24,24,24,24,24,24,24,24,24,24,24,24,24,24,24,24,24,24,24,24,24.5,24.5,24.5,24.5,24.5,24.5,24.5,24.5,24.5,24.5,24.5,24.5,24.5,24.5,24.5,24.5,24.5,24.5,24.5,24.5,24.5,24.5,24.5,24.5,24.5,24.5,24.5,24.5,24.5,24.5,24.5,24.5,24.5,24.5,24.5,24.5
Ch165,23,23,23,23,23,23,23,23,23,23,23,23,24,24,24,24,24,24,24,24,24,24,24,24,24.5,24.5,24.5,24.5,24.5,24.5,24.5,24.5,24.5,24.5,24.5,24.5,24.5,24.5,24.5,24.5,24.5,24.5,24.5,24.5,24.5,24.5,24.5,24.5,24.5,24.5,24.5,24.5,24.5,24.5,24.5,24.5,24.5,24.5,24.5,24.5,24.5,24,24,24,24,24,24,24,24,24,24,24,24,24,24,24,24,24,24,24,24,24,24,24,24,24,24,24,24,24,24,24,24,24,24,24,24,24,24,24,24,24,24,24,24,24,24,24,24,24.5,24.5,24.5,24.5,24.5,24.5,24.5,24.5,24.5,24.5,24.5,24.5,24.5,24.5,24.5,24.5,24.5,24.5,24.5,24.5,24.5,24.5,24.5,24.5,24.5,24.5,24.5,24.5,24.5,24.5,24.5,24.5,24.5,24.5,24.5,24.5
Ch169,23,23,23,23,23,23,23,23,23,23,23,23,24,24,24,24,24,24,24,24,24,24,24,24,24.5,24.5,24.5,24.5,24.5,24.5,24.5,24.5,24.5,24.5,24.5,24.5,24.5,24.5,24.5,24.5,24.5,24.5,24.5,24.5,24.5,24.5,24.5,24.5,24.5,24.5,24.5,24.5,24.5,24.5,24.5,24.5,24.5,24.5,24.5,24.5,24.5,24,24,24,24,24,24,24,24,24,24,24,24,24,24,24,24,24,24,24,24,24,24,24,24,24,24,24,24,24,24,24,24,24,24,24,24,24,24,24,24,24,24,24,24,24,24,24,24,24.5,24.5,24.5,24.5,24.5,24.5,24.5,24.5,24.5,24.5,24.5,24.5,24.5,24.5,24.5,24.5,24.5,24.5,24.5,24.5,24.5,24.5,24.5,24.5,24.5,24.5,24.5,24.5,24.5,24.5,24.5,24.5,24.5,24.5,24.5,24.5
Ch173,23,23,23,23,23,23,23,23,23,23,23,23,24,24,24,24,24,24,24,24,24,24,24,24,24.5,24.5,24.5,24.5,24.5,24.5,24.5,24.5,24.5,24.5,24.5,24.5,24.5,24.5,24.5,24.5,24.5,24.5,24.5,24.5,24.5,24.5,24.5,24.5,24.5,24.5,24.5,24.5,24.5,24.5,24.5,24.5,24.5,24.5,24.5,24.5,24.5,24,24,24,24,24,24,24,24,24,24,24,24,24,24,24,24,24,24,24,24,24,24,24,24,24,24,24,24,24,24,24,24,24,24,24,24,24,24,24,24,24,24,24,24,24,24,24,24,24.5,24.5,24.5,24.5,24.5,24.5,24.5,24.5,24.5,24.5,24.5,24.5,24.5,24.5,24.5,24.5,24.5,24.5,24.5,24.5,24.5,24.5,24.5,24.5,24.5,24.5,24.5,24.5,24.5,24.5,24.5,24.5,24.5,24.5,24.5,24.5
Ch177,23,23,23,23,23,23,23,23,23,23,23,23,24,24,24,24,24,24,24,24,24,24,24,24,24.5,24.5,24.5,24.5,24.5,24.5,24.5,24.5,24.5,24.5,24.5,24.5,24.5,24.5,24.5,24.5,24.5,24.5,24.5,24.5,24.5,24.5,24.5,24.5,24.5,24.5,24.5,24.5,24.5,24.5,24.5,24.5,24.5,24.5,24.5,24.5,24.5,24,24,24,24,24,24,24,24,24,24,24,24,24,24,24,24,24,24,24,24,24,24,24,24,24,24,24,24,24,24,24,24,24,24,24,24,24,24,24,24,24,24,24,24,24,24,24,24,24.5,24.5,24.5,24.5,24.5,24.5,24.5,24.5,24.5,24.5,24.5,24.5,24.5,24.5,24.5,24.5,24.5,24.5,24.5,24.5,24.5,24.5,24.5,24.5,24.5,24.5,24.5,24.5,24.5,24.5,24.5,24.5,24.5,24.5,24.5,24.5
Ch181,23,23,23,23,23,23,23,23,23,23,23,23,24,24,24,24,24,24,24,24,24,24,24,24,24.5,24.5,24.5,24.5,24.5,24.5,24.5,24.5,24.5,24.5,24.5,24.5,24.5,24.5,24.5,24.5,24.5,24.5,24.5,24.5,24.5,24.5,24.5,24.5,24.5,24.5,24.5,24.5,24.5,24.5,24.5,24.5,24.5,24.5,24.5,24.5,24.5,24,24,24,24,24,24,24,24,24,24,24,24,24,24,24,24,24,24,24,24,24,24,24,24,24,24,24,24,24,24,24,24,24,24,24,24,24,24,24,24,24,24,24,24,24,24,24,24,24.5,24.5,24.5,24.5,24.5,24.5,24.5,24.5,24.5,24.5,24.5,24.5,24.5,24.5,24.5,24.5,24.5,24.5,24.5,24.5,24.5,24.5,24.5,24.5,24.5,24.5,24.5,24.5,24.5,24.5,24.5,24.5,24.5,24.5,24.5,24.5
