# SKU Power Limit Table (unit is 1 dBm, resolution level is 0.5 dBm),,,,,,,,,,,,,,,,,,,,,,,,,,,,,,,,,,,,,,,,,,,,,,,,,,,,,,,,,,,,,,,,,,,,,,,,,,,,,,,,,,,,,,,,,,,,,,,,,,,,,,,,,,,,,,,,,,,,,,,,,,,,,,,,,,,,,,,,,,,,,,,,,
# 2.4G Channel,CCK,,,,OFDM,,,,,,,,BW20 (HT/VHT),,,,,,,,,,,,BW40 (HT/VHT),,,,,,,,,,,,,BW80 (HT/VHT),,,,,,,,,,,,BW160 (HT/VHT),,,,,,,,,,,,RU26,,,,,,,,,,,,RU52,,,,,,,,,,,,RU106,,,,,,,,,,,,RU242,,,,,,,,,,,,RU484,,,,,,,,,,,,RU996,,,,,,,,,,,,RU996X2,,,,,,,,,,,
Band: 2.4G,CCK_1M,CCK_2M,CCK_5.5M,CCK_11M,OFDM_6M,OFDM_9M,OFDM_12M,OFDM_18M,OFDM_24M,OFDM36M,OFDM_48M,OFDM_54M,M0,M1,M2,M3,M4,M5,M6,M7,M8,M9,M10,M11,M0,M1,M2,M3,M4,M5,M6,M7,M8,M9,M10,M11,HT40_MCS32,M0,M1,M2,M3,M4,M5,M6,M7,M8,M9,M10,M11,M0,M1,M2,M3,M4,M5,M6,M7,M8,M9,M10,M11,M0,M1,M2,M3,M4,M5,M6,M7,M8,M9,M10,M11,M0,M1,M2,M3,M4,M5,M6,M7,M8,M9,M10,M11,M0,M1,M2,M3,M4,M5,M6,M7,M8,M9,M10,M11,M0,M1,M2,M3,M4,M5,M6,M7,M8,M9,M10,M11,M0,M1,M2,M3,M4,M5,M6,M7,M8,M9,M10,M11,M0,M1,M2,M3,M4,M5,M6,M7,M8,M9,M10,M11,M0,M1,M2,M3,M4,M5,M6,M7,M8,M9,M10,M11
Ch1,18,18,18,18,17,17,17,17,17,17,17,17,14.5,14.5,14.5,14.5,14.5,14.5,14.5,14.5,14.5,14.5,14.5,14.5,12.5,12.5,12.5,12.5,12.5,12.5,12.5,12.5,12.5,12.5,12.5,12.5,12.5,12.5,12.5,12.5,12.5,12.5,12.5,12.5,12.5,12.5,12.5,12.5,12.5,12.5,12.5,12.5,12.5,12.5,12.5,12.5,12.5,12.5,12.5,12.5,12.5,12.5,12.5,12.5,12.5,12.5,12.5,12.5,12.5,12.5,12.5,12.5,12.5,12.5,12.5,12.5,12.5,12.5,12.5,12.5,12.5,12.5,12.5,12.5,12.5,12.5,12.5,12.5,12.5,12.5,12.5,12.5,12.5,12.5,12.5,12.5,12.5,14.5,14.5,14.5,14.5,14.5,14.5,14.5,14.5,14.5,14.5,14.5,14.5,12.5,12.5,12.5,12.5,12.5,12.5,12.5,12.5,12.5,12.5,12.5,12.5,12.5,12.5,12.5,12.5,12.5,12.5,12.5,12.5,12.5,12.5,12.5,12.5,12.5,12.5,12.5,12.5,12.5,12.5,12.5,12.5,12.5,12.5,12.5,12.5
Ch2,23,23,23,23,23,23,23,23,23,23,23,23,23,23,23,23,23,23,23,23,23,23,23,23,12.5,12.5,12.5,12.5,12.5,12.5,12.5,12.5,12.5,12.5,12.5,12.5,12.5,12.5,12.5,12.5,12.5,12.5,12.5,12.5,12.5,12.5,12.5,12.5,12.5,12.5,12.5,12.5,12.5,12.5,12.5,12.5,12.5,12.5,12.5,12.5,12.5,12.5,12.5,12.5,12.5,12.5,12.5,12.5,12.5,12.5,12.5,12.5,12.5,12.5,12.5,12.5,12.5,12.5,12.5,12.5,12.5,12.5,12.5,12.5,12.5,12.5,12.5,12.5,12.5,12.5,12.5,12.5,12.5,12.5,12.5,12.5,12.5,23,23,23,23,23,23,23,23,23,23,23,23,12.5,12.5,12.5,12.5,12.5,12.5,12.5,12.5,12.5,12.5,12.5,12.5,12.5,12.5,12.5,12.5,12.5,12.5,12.5,12.5,12.5,12.5,12.5,12.5,12.5,12.5,12.5,12.5,12.5,12.5,12.5,12.5,12.5,12.5,12.5,12.5
Ch3,23,23,23,23,23,23,23,23,23,23,23,23,23,23,23,23,23,23,23,23,23,23,23,23,12.5,12.5,12.5,12.5,12.5,12.5,12.5,12.5,12.5,12.5,12.5,12.5,12.5,12.5,12.5,12.5,12.5,12.5,12.5,12.5,12.5,12.5,12.5,12.5,12.5,12.5,12.5,12.5,12.5,12.5,12.5,12.5,12.5,12.5,12.5,12.5,12.5,12.5,12.5,12.5,12.5,12.5,12.5,12.5,12.5,12.5,12.5,12.5,12.5,12.5,12.5,12.5,12.5,12.5,12.5,12.5,12.5,12.5,12.5,12.5,12.5,12.5,12.5,12.5,12.5,12.5,12.5,12.5,12.5,12.5,12.5,12.5,12.5,23,23,23,23,23,23,23,23,23,23,23,23,12.5,12.5,12.5,12.5,12.5,12.5,12.5,12.5,12.5,12.5,12.5,12.5,12.5,12.5,12.5,12.5,12.5,12.5,12.5,12.5,12.5,12.5,12.5,12.5,12.5,12.5,12.5,12.5,12.5,12.5,12.5,12.5,12.5,12.5,12.5,12.5
Ch4,23,23,23,23,23,23,23,23,23,23,23,23,23,23,23,23,23,23,23,23,23,23,23,23,15.5,15.5,15.5,15.5,15.5,15.5,15.5,15.5,15.5,15.5,15.5,15.5,15.5,15.5,15.5,15.5,15.5,15.5,15.5,15.5,15.5,15.5,15.5,15.5,15.5,15.5,15.5,15.5,15.5,15.5,15.5,15.5,15.5,15.5,15.5,15.5,15.5,15.5,15.5,15.5,15.5,15.5,15.5,15.5,15.5,15.5,15.5,15.5,15.5,15.5,15.5,15.5,15.5,15.5,15.5,15.5,15.5,15.5,15.5,15.5,15.5,15.5,15.5,15.5,15.5,15.5,15.5,15.5,15.5,15.5,15.5,15.5,15.5,23,23,23,23,23,23,23,23,23,23,23,23,15.5,15.5,15.5,15.5,15.5,15.5,15.5,15.5,15.5,15.5,15.5,15.5,15.5,15.5,15.5,15.5,15.5,15.5,15.5,15.5,15.5,15.5,15.5,15.5,15.5,15.5,15.5,15.5,15.5,15.5,15.5,15.5,15.5,15.5,15.5,15.5
Ch5,23,23,23,23,23,23,23,23,23,23,23,23,23,23,23,23,23,23,23,23,23,23,23,23,15.5,15.5,15.5,15.5,15.5,15.5,15.5,15.5,15.5,15.5,15.5,15.5,15.5,15.5,15.5,15.5,15.5,15.5,15.5,15.5,15.5,15.5,15.5,15.5,15.5,15.5,15.5,15.5,15.5,15.5,15.5,15.5,15.5,15.5,15.5,15.5,15.5,15.5,15.5,15.5,15.5,15.5,15.5,15.5,15.5,15.5,15.5,15.5,15.5,15.5,15.5,15.5,15.5,15.5,15.5,15.5,15.5,15.5,15.5,15.5,15.5,15.5,15.5,15.5,15.5,15.5,15.5,15.5,15.5,15.5,15.5,15.5,15.5,23,23,23,23,23,23,23,23,23,23,23,23,15.5,15.5,15.5,15.5,15.5,15.5,15.5,15.5,15.5,15.5,15.5,15.5,15.5,15.5,15.5,15.5,15.5,15.5,15.5,15.5,15.5,15.5,15.5,15.5,15.5,15.5,15.5,15.5,15.5,15.5,15.5,15.5,15.5,15.5,15.5,15.5
Ch6,23,23,23,23,23,23,23,23,23,23,23,23,23,23,23,23,23,23,23,23,23,23,23,23,15.5,15.5,15.5,15.5,15.5,15.5,15.5,15.5,15.5,15.5,15.5,15.5,15.5,15.5,15.5,15.5,15.5,15.5,15.5,15.5,15.5,15.5,15.5,15.5,15.5,15.5,15.5,15.5,15.5,15.5,15.5,15.5,15.5,15.5,15.5,15.5,15.5,15.5,15.5,15.5,15.5,15.5,15.5,15.5,15.5,15.5,15.5,15.5,15.5,15.5,15.5,15.5,15.5,15.5,15.5,15.5,15.5,15.5,15.5,15.5,15.5,15.5,15.5,15.5,15.5,15.5,15.5,15.5,15.5,15.5,15.5,15.5,15.5,23,23,23,23,23,23,23,23,23,23,23,23,15.5,15.5,15.5,15.5,15.5,15.5,15.5,15.5,15.5,15.5,15.5,15.5,15.5,15.5,15.5,15.5,15.5,15.5,15.5,15.5,15.5,15.5,15.5,15.5,15.5,15.5,15.5,15.5,15.5,15.5,15.5,15.5,15.5,15.5,15.5,15.5
Ch7,23,23,23,23,23,23,23,23,23,23,23,23,23,23,23,23,23,23,23,23,23,23,23,23,15.5,15.5,15.5,15.5,15.5,15.5,15.5,15.5,15.5,15.5,15.5,15.5,15.5,15.5,15.5,15.5,15.5,15.5,15.5,15.5,15.5,15.5,15.5,15.5,15.5,15.5,15.5,15.5,15.5,15.5,15.5,15.5,15.5,15.5,15.5,15.5,15.5,15.5,15.5,15.5,15.5,15.5,15.5,15.5,15.5,15.5,15.5,15.5,15.5,15.5,15.5,15.5,15.5,15.5,15.5,15.5,15.5,15.5,15.5,15.5,15.5,15.5,15.5,15.5,15.5,15.5,15.5,15.5,15.5,15.5,15.5,15.5,15.5,23,23,23,23,23,23,23,23,23,23,23,23,15.5,15.5,15.5,15.5,15.5,15.5,15.5,15.5,15.5,15.5,15.5,15.5,15.5,15.5,15.5,15.5,15.5,15.5,15.5,15.5,15.5,15.5,15.5,15.5,15.5,15.5,15.5,15.5,15.5,15.5,15.5,15.5,15.5,15.5,15.5,15.5
Ch8,23,23,23,23,23,23,23,23,23,23,23,23,23,23,23,23,23,23,23,23,23,23,23,23,15.5,15.5,15.5,15.5,15.5,15.5,15.5,15.5,15.5,15.5,15.5,15.5,15.5,15.5,15.5,15.5,15.5,15.5,15.5,15.5,15.5,15.5,15.5,15.5,15.5,15.5,15.5,15.5,15.5,15.5,15.5,15.5,15.5,15.5,15.5,15.5,15.5,15.5,15.5,15.5,15.5,15.5,15.5,15.5,15.5,15.5,15.5,15.5,15.5,15.5,15.5,15.5,15.5,15.5,15.5,15.5,15.5,15.5,15.5,15.5,15.5,15.5,15.5,15.5,15.5,15.5,15.5,15.5,15.5,15.5,15.5,15.5,15.5,23,23,23,23,23,23,23,23,23,23,23,23,15.5,15.5,15.5,15.5,15.5,15.5,15.5,15.5,15.5,15.5,15.5,15.5,15.5,15.5,15.5,15.5,15.5,15.5,15.5,15.5,15.5,15.5,15.5,15.5,15.5,15.5,15.5,15.5,15.5,15.5,15.5,15.5,15.5,15.5,15.5,15.5
Ch9,23,23,23,23,23,23,23,23,23,23,23,23,23,23,23,23,23,23,23,23,23,23,23,23,12.5,12.5,12.5,12.5,12.5,12.5,12.5,12.5,12.5,12.5,12.5,12.5,12.5,12.5,12.5,12.5,12.5,12.5,12.5,12.5,12.5,12.5,12.5,12.5,12.5,12.5,12.5,12.5,12.5,12.5,12.5,12.5,12.5,12.5,12.5,12.5,12.5,12.5,12.5,12.5,12.5,12.5,12.5,12.5,12.5,12.5,12.5,12.5,12.5,12.5,12.5,12.5,12.5,12.5,12.5,12.5,12.5,12.5,12.5,12.5,12.5,12.5,12.5,12.5,12.5,12.5,12.5,12.5,12.5,12.5,12.5,12.5,12.5,23,23,23,23,23,23,23,23,23,23,23,23,12.5,12.5,12.5,12.5,12.5,12.5,12.5,12.5,12.5,12.5,12.5,12.5,12.5,12.5,12.5,12.5,12.5,12.5,12.5,12.5,12.5,12.5,12.5,12.5,12.5,12.5,12.5,12.5,12.5,12.5,12.5,12.5,12.5,12.5,12.5,12.5
Ch10,23,23,23,23,23,23,23,23,23,23,23,23,23,23,23,23,23,23,23,23,23,23,23,23,12.5,12.5,12.5,12.5,12.5,12.5,12.5,12.5,12.5,12.5,12.5,12.5,12.5,12.5,12.5,12.5,12.5,12.5,12.5,12.5,12.5,12.5,12.5,12.5,12.5,12.5,12.5,12.5,12.5,12.5,12.5,12.5,12.5,12.5,12.5,12.5,12.5,12.5,12.5,12.5,12.5,12.5,12.5,12.5,12.5,12.5,12.5,12.5,12.5,12.5,12.5,12.5,12.5,12.5,12.5,12.5,12.5,12.5,12.5,12.5,12.5,12.5,12.5,12.5,12.5,12.5,12.5,12.5,12.5,12.5,12.5,12.5,12.5,23,23,23,23,23,23,23,23,23,23,23,23,12.5,12.5,12.5,12.5,12.5,12.5,12.5,12.5,12.5,12.5,12.5,12.5,12.5,12.5,12.5,12.5,12.5,12.5,12.5,12.5,12.5,12.5,12.5,12.5,12.5,12.5,12.5,12.5,12.5,12.5,12.5,12.5,12.5,12.5,12.5,12.5
Ch11,19.5,19.5,19.5,19.5,17.5,17.5,17.5,17.5,17.5,17.5,17.5,17.5,14,14,14,14,14,14,14,14,14,14,14,14,12.5,12.5,12.5,12.5,12.5,12.5,12.5,12.5,12.5,12.5,12.5,12.5,12.5,12.5,12.5,12.5,12.5,12.5,12.5,12.5,12.5,12.5,12.5,12.5,12.5,12.5,12.5,12.5,12.5,12.5,12.5,12.5,12.5,12.5,12.5,12.5,12.5,12.5,12.5,12.5,12.5,12.5,12.5,12.5,12.5,12.5,12.5,12.5,12.5,12.5,12.5,12.5,12.5,12.5,12.5,12.5,12.5,12.5,12.5,12.5,12.5,12.5,12.5,12.5,12.5,12.5,12.5,12.5,12.5,12.5,12.5,12.5,12.5,14,14,14,14,14,14,14,14,14,14,14,14,12.5,12.5,12.5,12.5,12.5,12.5,12.5,12.5,12.5,12.5,12.5,12.5,12.5,12.5,12.5,12.5,12.5,12.5,12.5,12.5,12.5,12.5,12.5,12.5,12.5,12.5,12.5,12.5,12.5,12.5,12.5,12.5,12.5,12.5,12.5,12.5
Ch12,19.5,19.5,19.5,19.5,17.5,17.5,17.5,17.5,17.5,17.5,17.5,17.5,14,14,14,14,14,14,14,14,14,14,14,14,12.5,12.5,12.5,12.5,12.5,12.5,12.5,12.5,12.5,12.5,12.5,12.5,12.5,12.5,12.5,12.5,12.5,12.5,12.5,12.5,12.5,12.5,12.5,12.5,12.5,12.5,12.5,12.5,12.5,12.5,12.5,12.5,12.5,12.5,12.5,12.5,12.5,12.5,12.5,12.5,12.5,12.5,12.5,12.5,12.5,12.5,12.5,12.5,12.5,12.5,12.5,12.5,12.5,12.5,12.5,12.5,12.5,12.5,12.5,12.5,12.5,12.5,12.5,12.5,12.5,12.5,12.5,12.5,12.5,12.5,12.5,12.5,12.5,14,14,14,14,14,14,14,14,14,14,14,14,12.5,12.5,12.5,12.5,12.5,12.5,12.5,12.5,12.5,12.5,12.5,12.5,12.5,12.5,12.5,12.5,12.5,12.5,12.5,12.5,12.5,12.5,12.5,12.5,12.5,12.5,12.5,12.5,12.5,12.5,12.5,12.5,12.5,12.5,12.5,12.5
Ch13,19.5,19.5,19.5,19.5,17.5,17.5,17.5,17.5,17.5,17.5,17.5,17.5,14,14,14,14,14,14,14,14,14,14,14,14,12.5,12.5,12.5,12.5,12.5,12.5,12.5,12.5,12.5,12.5,12.5,12.5,12.5,12.5,12.5,12.5,12.5,12.5,12.5,12.5,12.5,12.5,12.5,12.5,12.5,12.5,12.5,12.5,12.5,12.5,12.5,12.5,12.5,12.5,12.5,12.5,12.5,12.5,12.5,12.5,12.5,12.5,12.5,12.5,12.5,12.5,12.5,12.5,12.5,12.5,12.5,12.5,12.5,12.5,12.5,12.5,12.5,12.5,12.5,12.5,12.5,12.5,12.5,12.5,12.5,12.5,12.5,12.5,12.5,12.5,12.5,12.5,12.5,14,14,14,14,14,14,14,14,14,14,14,14,12.5,12.5,12.5,12.5,12.5,12.5,12.5,12.5,12.5,12.5,12.5,12.5,12.5,12.5,12.5,12.5,12.5,12.5,12.5,12.5,12.5,12.5,12.5,12.5,12.5,12.5,12.5,12.5,12.5,12.5,12.5,12.5,12.5,12.5,12.5,12.5
Ch14,19.5,19.5,19.5,19.5,17.5,17.5,17.5,17.5,17.5,17.5,17.5,17.5,14,14,14,14,14,14,14,14,14,14,14,14,12.5,12.5,12.5,12.5,12.5,12.5,12.5,12.5,12.5,12.5,12.5,12.5,12.5,12.5,12.5,12.5,12.5,12.5,12.5,12.5,12.5,12.5,12.5,12.5,12.5,12.5,12.5,12.5,12.5,12.5,12.5,12.5,12.5,12.5,12.5,12.5,12.5,12.5,12.5,12.5,12.5,12.5,12.5,12.5,12.5,12.5,12.5,12.5,12.5,12.5,12.5,12.5,12.5,12.5,12.5,12.5,12.5,12.5,12.5,12.5,12.5,12.5,12.5,12.5,12.5,12.5,12.5,12.5,12.5,12.5,12.5,12.5,12.5,14,14,14,14,14,14,14,14,14,14,14,14,12.5,12.5,12.5,12.5,12.5,12.5,12.5,12.5,12.5,12.5,12.5,12.5,12.5,12.5,12.5,12.5,12.5,12.5,12.5,12.5,12.5,12.5,12.5,12.5,12.5,12.5,12.5,12.5,12.5,12.5,12.5,12.5,12.5,12.5,12.5,12.5
,,,,,,,,,,,,,,,,,,,,,,,,,,,,,,,,,,,,,,,,,,,,,,,,,,,,,,,,,,,,,,,,,,,,,,,,,,,,,,,,,,,,,,,,,,,,,,,,,,,,,,,,,,,,,,,,,,,,,,,,,,,,,,,,,,,,,,,,,,,,,,,,,
# 5G Channel,CCK,,,,OFDM,,,,,,,,BW20 (HT/VHT),,,,,,,,,,,,BW40 (HT/VHT),,,,,,,,,,,,,BW80 (HT/VHT),,,,,,,,,,,,BW160 (HT/VHT),,,,,,,,,,,,RU26,,,,,,,,,,,,RU52,,,,,,,,,,,,RU106,,,,,,,,,,,,RU242,,,,,,,,,,,,RU484,,,,,,,,,,,,RU996,,,,,,,,,,,,RU996X2,,,,,,,,,,,
Band: 5G,CCK_1M,CCK_2M,CCK_5.5M,CCK_11M,OFDM_6M,OFDM_9M,OFDM_12M,OFDM_18M,OFDM_24M,OFDM36M,OFDM_48M,OFDM_54M,M0,M1,M2,M3,M4,M5,M6,M7,M8,M9,M10,M11,M0,M1,M2,M3,M4,M5,M6,M7,M8,M9,M10,M11,HT40_MCS32,M0,M1,M2,M3,M4,M5,M6,M7,M8,M9,M10,M11,M0,M1,M2,M3,M4,M5,M6,M7,M8,M9,M10,M11,M0,M1,M2,M3,M4,M5,M6,M7,M8,M9,M10,M11,M0,M1,M2,M3,M4,M5,M6,M7,M8,M9,M10,M11,M0,M1,M2,M3,M4,M5,M6,M7,M8,M9,M10,M11,M0,M1,M2,M3,M4,M5,M6,M7,M8,M9,M10,M11,M0,M1,M2,M3,M4,M5,M6,M7,M8,M9,M10,M11,M0,M1,M2,M3,M4,M5,M6,M7,M8,M9,M10,M11,M0,M1,M2,M3,M4,M5,M6,M7,M8,M9,M10,M11
Ch184,24.5,24.5,24.5,24.5,24.5,24.5,24.5,24.5,24.5,24.5,24.5,24.5,24.5,24.5,24.5,24.5,24.5,24.5,24.5,24.5,24.5,24.5,24.5,24.5,24.5,24.5,24.5,24.5,24.5,24.5,24.5,24.5,24.5,24.5,24.5,24.5,24.5,23.5,23.5,23.5,23.5,23.5,23.5,23.5,23.5,23.5,23.5,23.5,23.5,23.5,23.5,23.5,23.5,23.5,23.5,23.5,23.5,23.5,23.5,23.5,23.5,23.5,23.5,23.5,23.5,23.5,23.5,23.5,23.5,23.5,23.5,23.5,23.5,23.5,23.5,23.5,23.5,23.5,23.5,23.5,23.5,23.5,23.5,23.5,23.5,23.5,23.5,23.5,23.5,23.5,23.5,23.5,23.5,23.5,23.5,23.5,23.5,23.5,23.5,23.5,23.5,23.5,23.5,23.5,23.5,23.5,23.5,23.5,23.5,23.5,23.5,23.5,23.5,23.5,23.5,23.5,23.5,23.5,23.5,23.5,23.5,23.5,23.5,23.5,23.5,23.5,23.5,23.5,23.5,23.5,23.5,23.5,23.5,23.5,23.5,23.5,23.5,23.5,23.5,23.5,23.5,23.5,23.5,23.5,23.5
Ch188,24.5,24.5,24.5,24.5,24.5,24.5,24.5,24.5,24.5,24.5,24.5,24.5,24.5,24.5,24.5,24.5,24.5,24.5,24.5,24.5,24.5,24.5,24.5,24.5,24.5,24.5,24.5,24.5,24.5,24.5,24.5,24.5,24.5,24.5,24.5,24.5,24.5,23.5,23.5,23.5,23.5,23.5,23.5,23.5,23.5,23.5,23.5,23.5,23.5,23.5,23.5,23.5,23.5,23.5,23.5,23.5,23.5,23.5,23.5,23.5,23.5,23.5,23.5,23.5,23.5,23.5,23.5,23.5,23.5,23.5,23.5,23.5,23.5,23.5,23.5,23.5,23.5,23.5,23.5,23.5,23.5,23.5,23.5,23.5,23.5,23.5,23.5,23.5,23.5,23.5,23.5,23.5,23.5,23.5,23.5,23.5,23.5,23.5,23.5,23.5,23.5,23.5,23.5,23.5,23.5,23.5,23.5,23.5,23.5,23.5,23.5,23.5,23.5,23.5,23.5,23.5,23.5,23.5,23.5,23.5,23.5,23.5,23.5,23.5,23.5,23.5,23.5,23.5,23.5,23.5,23.5,23.5,23.5,23.5,23.5,23.5,23.5,23.5,23.5,23.5,23.5,23.5,23.5,23.5,23.5
Ch192,24.5,24.5,24.5,24.5,24.5,24.5,24.5,24.5,24.5,24.5,24.5,24.5,24.5,24.5,24.5,24.5,24.5,24.5,24.5,24.5,24.5,24.5,24.5,24.5,24.5,24.5,24.5,24.5,24.5,24.5,24.5,24.5,24.5,24.5,24.5,24.5,24.5,23.5,23.5,23.5,23.5,23.5,23.5,23.5,23.5,23.5,23.5,23.5,23.5,23.5,23.5,23.5,23.5,23.5,23.5,23.5,23.5,23.5,23.5,23.5,23.5,23.5,23.5,23.5,23.5,23.5,23.5,23.5,23.5,23.5,23.5,23.5,23.5,23.5,23.5,23.5,23.5,23.5,23.5,23.5,23.5,23.5,23.5,23.5,23.5,23.5,23.5,23.5,23.5,23.5,23.5,23.5,23.5,23.5,23.5,23.5,23.5,23.5,23.5,23.5,23.5,23.5,23.5,23.5,23.5,23.5,23.5,23.5,23.5,23.5,23.5,23.5,23.5,23.5,23.5,23.5,23.5,23.5,23.5,23.5,23.5,23.5,23.5,23.5,23.5,23.5,23.5,23.5,23.5,23.5,23.5,23.5,23.5,23.5,23.5,23.5,23.5,23.5,23.5,23.5,23.5,23.5,23.5,23.5,23.5
Ch196,24.5,24.5,24.5,24.5,24.5,24.5,24.5,24.5,24.5,24.5,24.5,24.5,24.5,24.5,24.5,24.5,24.5,24.5,24.5,24.5,24.5,24.5,24.5,24.5,24.5,24.5,24.5,24.5,24.5,24.5,24.5,24.5,24.5,24.5,24.5,24.5,24.5,23.5,23.5,23.5,23.5,23.5,23.5,23.5,23.5,23.5,23.5,23.5,23.5,23.5,23.5,23.5,23.5,23.5,23.5,23.5,23.5,23.5,23.5,23.5,23.5,23.5,23.5,23.5,23.5,23.5,23.5,23.5,23.5,23.5,23.5,23.5,23.5,23.5,23.5,23.5,23.5,23.5,23.5,23.5,23.5,23.5,23.5,23.5,23.5,23.5,23.5,23.5,23.5,23.5,23.5,23.5,23.5,23.5,23.5,23.5,23.5,23.5,23.5,23.5,23.5,23.5,23.5,23.5,23.5,23.5,23.5,23.5,23.5,23.5,23.5,23.5,23.5,23.5,23.5,23.5,23.5,23.5,23.5,23.5,23.5,23.5,23.5,23.5,23.5,23.5,23.5,23.5,23.5,23.5,23.5,23.5,23.5,23.5,23.5,23.5,23.5,23.5,23.5,23.5,23.5,23.5,23.5,23.5,23.5
Ch8,24.5,24.5,24.5,24.5,24.5,24.5,24.5,24.5,24.5,24.5,24.5,24.5,24.5,24.5,24.5,24.5,24.5,24.5,24.5,24.5,24.5,24.5,24.5,24.5,24.5,24.5,24.5,24.5,24.5,24.5,24.5,24.5,24.5,24.5,24.5,24.5,24.5,23.5,23.5,23.5,23.5,23.5,23.5,23.5,23.5,23.5,23.5,23.5,23.5,23.5,23.5,23.5,23.5,23.5,23.5,23.5,23.5,23.5,23.5,23.5,23.5,23.5,23.5,23.5,23.5,23.5,23.5,23.5,23.5,23.5,23.5,23.5,23.5,23.5,23.5,23.5,23.5,23.5,23.5,23.5,23.5,23.5,23.5,23.5,23.5,23.5,23.5,23.5,23.5,23.5,23.5,23.5,23.5,23.5,23.5,23.5,23.5,23.5,23.5,23.5,23.5,23.5,23.5,23.5,23.5,23.5,23.5,23.5,23.5,23.5,23.5,23.5,23.5,23.5,23.5,23.5,23.5,23.5,23.5,23.5,23.5,23.5,23.5,23.5,23.5,23.5,23.5,23.5,23.5,23.5,23.5,23.5,23.5,23.5,23.5,23.5,23.5,23.5,23.5,23.5,23.5,23.5,23.5,23.5,23.5
Ch12,24.5,24.5,24.5,24.5,24.5,24.5,24.5,24.5,24.5,24.5,24.5,24.5,24.5,24.5,24.5,24.5,24.5,24.5,24.5,24.5,24.5,24.5,24.5,24.5,24.5,24.5,24.5,24.5,24.5,24.5,24.5,24.5,24.5,24.5,24.5,24.5,24.5,23.5,23.5,23.5,23.5,23.5,23.5,23.5,23.5,23.5,23.5,23.5,23.5,23.5,23.5,23.5,23.5,23.5,23.5,23.5,23.5,23.5,23.5,23.5,23.5,23.5,23.5,23.5,23.5,23.5,23.5,23.5,23.5,23.5,23.5,23.5,23.5,23.5,23.5,23.5,23.5,23.5,23.5,23.5,23.5,23.5,23.5,23.5,23.5,23.5,23.5,23.5,23.5,23.5,23.5,23.5,23.5,23.5,23.5,23.5,23.5,23.5,23.5,23.5,23.5,23.5,23.5,23.5,23.5,23.5,23.5,23.5,23.5,23.5,23.5,23.5,23.5,23.5,23.5,23.5,23.5,23.5,23.5,23.5,23.5,23.5,23.5,23.5,23.5,23.5,23.5,23.5,23.5,23.5,23.5,23.5,23.5,23.5,23.5,23.5,23.5,23.5,23.5,23.5,23.5,23.5,23.5,23.5,23.5
Ch16,24.5,24.5,24.5,24.5,24.5,24.5,24.5,24.5,24.5,24.5,24.5,24.5,24.5,24.5,24.5,24.5,24.5,24.5,24.5,24.5,24.5,24.5,24.5,24.5,24.5,24.5,24.5,24.5,24.5,24.5,24.5,24.5,24.5,24.5,24.5,24.5,24.5,23.5,23.5,23.5,23.5,23.5,23.5,23.5,23.5,23.5,23.5,23.5,23.5,23.5,23.5,23.5,23.5,23.5,23.5,23.5,23.5,23.5,23.5,23.5,23.5,23.5,23.5,23.5,23.5,23.5,23.5,23.5,23.5,23.5,23.5,23.5,23.5,23.5,23.5,23.5,23.5,23.5,23.5,23.5,23.5,23.5,23.5,23.5,23.5,23.5,23.5,23.5,23.5,23.5,23.5,23.5,23.5,23.5,23.5,23.5,23.5,23.5,23.5,23.5,23.5,23.5,23.5,23.5,23.5,23.5,23.5,23.5,23.5,23.5,23.5,23.5,23.5,23.5,23.5,23.5,23.5,23.5,23.5,23.5,23.5,23.5,23.5,23.5,23.5,23.5,23.5,23.5,23.5,23.5,23.5,23.5,23.5,23.5,23.5,23.5,23.5,23.5,23.5,23.5,23.5,23.5,23.5,23.5,23.5
Ch36,24.5,24.5,24.5,24.5,20.5,20.5,20.5,20.5,20.5,20.5,20.5,20.5,21,21,21,21,21,21,21,21,21,21,21,21,18,18,18,18,18,18,18,18,18,18,18,18,18,18,18,18,18,18,18,18,18,18,18,18,18,18,18,18,18,18,18,18,18,18,18,18,18,18,18,18,18,18,18,18,18,18,18,18,18,18,18,18,18,18,18,18,18,18,18,18,18,18,18,18,18,18,18,18,18,18,18,18,18,21,21,21,21,21,21,21,21,21,21,21,21,18.5,18.5,18.5,18.5,18.5,18.5,18.5,18.5,18.5,18.5,18.5,18.5,18,18,18,18,18,18,18,18,18,18,18,18,18,18,18,18,18,18,18,18,18,18,18,18
Ch40,24.5,24.5,24.5,24.5,24.5,24.5,24.5,24.5,24.5,24.5,24.5,24.5,24.5,24.5,24.5,24.5,24.5,24.5,24.5,24.5,24.5,24.5,24.5,24.5,18,18,18,18,18,18,18,18,18,18,18,18,18,18,18,18,18,18,18,18,18,18,18,18,18,18,18,18,18,18,18,18,18,18,18,18,18,18,18,18,18,18,18,18,18,18,18,18,18,18,18,18,18,18,18,18,18,18,18,18,18,18,18,18,18,18,18,18,18,18,18,18,18,24.5,24.5,24.5,24.5,24.5,24.5,24.5,24.5,24.5,24.5,24.5,24.5,18.5,18.5,18.5,18.5,18.5,18.5,18.5,18.5,18.5,18.5,18.5,18.5,18,18,18,18,18,18,18,18,18,18,18,18,18,18,18,18,18,18,18,18,18,18,18,18
Ch44,24.5,24.5,24.5,24.5,24.5,24.5,24.5,24.5,24.5,24.5,24.5,24.5,24.5,24.5,24.5,24.5,24.5,24.5,24.5,24.5,24.5,24.5,24.5,24.5,24.5,24.5,24.5,24.5,24.5,24.5,24.5,24.5,24.5,24.5,24.5,24.5,24.5,18,18,18,18,18,18,18,18,18,18,18,18,18,18,18,18,18,18,18,18,18,18,18,18,18,18,18,18,18,18,18,18,18,18,18,18,18,18,18,18,18,18,18,18,18,18,18,18,18,18,18,18,18,18,18,18,18,18,18,18,24.5,24.5,24.5,24.5,24.5,24.5,24.5,24.5,24.5,24.5,24.5,24.5,24.5,24.5,24.5,24.5,24.5,24.5,24.5,24.5,24.5,24.5,24.5,24.5,18,18,18,18,18,18,18,18,18,18,18,18,18,18,18,18,18,18,18,18,18,18,18,18
Ch48,24.5,24.5,24.5,24.5,24.5,24.5,24.5,24.5,24.5,24.5,24.5,24.5,24.5,24.5,24.5,24.5,24.5,24.5,24.5,24.5,24.5,24.5,24.5,24.5,24.5,24.5,24.5,24.5,24.5,24.5,24.5,24.5,24.5,24.5,24.5,24.5,24.5,18,18,18,18,18,18,18,18,18,18,18,18,18,18,18,18,18,18,18,18,18,18,18,18,18,18,18,18,18,18,18,18,18,18,18,18,18,18,18,18,18,18,18,18,18,18,18,18,18,18,18,18,18,18,18,18,18,18,18,18,24.5,24.5,24.5,24.5,24.5,24.5,24.5,24.5,24.5,24.5,24.5,24.5,24.5,24.5,24.5,24.5,24.5,24.5,24.5,24.5,24.5,24.5,24.5,24.5,18,18,18,18,18,18,18,18,18,18,18,18,18,18,18,18,18,18,18,18,18,18,18,18
Ch52,24.5,24.5,24.5,24.5,24.5,24.5,24.5,24.5,24.5,24.5,24.5,24.5,24.5,24.5,24.5,24.5,24.5,24.5,24.5,24.5,24.5,24.5,24.5,24.5,24.5,24.5,24.5,24.5,24.5,24.5,24.5,24.5,24.5,24.5,24.5,24.5,24.5,24.5,24.5,24.5,24.5,24.5,24.5,24.5,24.5,24.5,24.5,24.5,24.5,24.5,24.5,24.5,24.5,24.5,24.5,24.5,24.5,24.5,24.5,24.5,24.5,24.5,24.5,24.5,24.5,24.5,24.5,24.5,24.5,24.5,24.5,24.5,24.5,24.5,24.5,24.5,24.5,24.5,24.5,24.5,24.5,24.5,24.5,24.5,24.5,24.5,24.5,24.5,24.5,24.5,24.5,24.5,24.5,24.5,24.5,24.5,24.5,24.5,24.5,24.5,24.5,24.5,24.5,24.5,24.5,24.5,24.5,24.5,24.5,24.5,24.5,24.5,24.5,24.5,24.5,24.5,24.5,24.5,24.5,24.5,24.5,24.5,24.5,24.5,24.5,24.5,24.5,24.5,24.5,24.5,24.5,24.5,24.5,24.5,24.5,24.5,24.5,24.5,24.5,24.5,24.5,24.5,24.5,24.5,24.5
Ch56,24.5,24.5,24.5,24.5,24.5,24.5,24.5,24.5,24.5,24.5,24.5,24.5,24.5,24.5,24.5,24.5,24.5,24.5,24.5,24.5,24.5,24.5,24.5,24.5,24.5,24.5,24.5,24.5,24.5,24.5,24.5,24.5,24.5,24.5,24.5,24.5,24.5,24.5,24.5,24.5,24.5,24.5,24.5,24.5,24.5,24.5,24.5,24.5,24.5,24.5,24.5,24.5,24.5,24.5,24.5,24.5,24.5,24.5,24.5,24.5,24.5,24.5,24.5,24.5,24.5,24.5,24.5,24.5,24.5,24.5,24.5,24.5,24.5,24.5,24.5,24.5,24.5,24.5,24.5,24.5,24.5,24.5,24.5,24.5,24.5,24.5,24.5,24.5,24.5,24.5,24.5,24.5,24.5,24.5,24.5,24.5,24.5,24.5,24.5,24.5,24.5,24.5,24.5,24.5,24.5,24.5,24.5,24.5,24.5,24.5,24.5,24.5,24.5,24.5,24.5,24.5,24.5,24.5,24.5,24.5,24.5,24.5,24.5,24.5,24.5,24.5,24.5,24.5,24.5,24.5,24.5,24.5,24.5,24.5,24.5,24.5,24.5,24.5,24.5,24.5,24.5,24.5,24.5,24.5,24.5
Ch60,24.5,24.5,24.5,24.5,24.5,24.5,24.5,24.5,24.5,24.5,24.5,24.5,24.5,24.5,24.5,24.5,24.5,24.5,24.5,24.5,24.5,24.5,24.5,24.5,24.5,24.5,24.5,24.5,24.5,24.5,24.5,24.5,24.5,24.5,24.5,24.5,24.5,24.5,24.5,24.5,24.5,24.5,24.5,24.5,24.5,24.5,24.5,24.5,24.5,24.5,24.5,24.5,24.5,24.5,24.5,24.5,24.5,24.5,24.5,24.5,24.5,24.5,24.5,24.5,24.5,24.5,24.5,24.5,24.5,24.5,24.5,24.5,24.5,24.5,24.5,24.5,24.5,24.5,24.5,24.5,24.5,24.5,24.5,24.5,24.5,24.5,24.5,24.5,24.5,24.5,24.5,24.5,24.5,24.5,24.5,24.5,24.5,24.5,24.5,24.5,24.5,24.5,24.5,24.5,24.5,24.5,24.5,24.5,24.5,24.5,24.5,24.5,24.5,24.5,24.5,24.5,24.5,24.5,24.5,24.5,24.5,24.5,24.5,24.5,24.5,24.5,24.5,24.5,24.5,24.5,24.5,24.5,24.5,24.5,24.5,24.5,24.5,24.5,24.5,24.5,24.5,24.5,24.5,24.5,24.5
Ch64,24.5,24.5,24.5,24.5,24.5,24.5,24.5,24.5,24.5,24.5,24.5,24.5,24.5,24.5,24.5,24.5,24.5,24.5,24.5,24.5,24.5,24.5,24.5,24.5,24.5,24.5,24.5,24.5,24.5,24.5,24.5,24.5,24.5,24.5,24.5,24.5,24.5,24.5,24.5,24.5,24.5,24.5,24.5,24.5,24.5,24.5,24.5,24.5,24.5,24.5,24.5,24.5,24.5,24.5,24.5,24.5,24.5,24.5,24.5,24.5,24.5,24.5,24.5,24.5,24.5,24.5,24.5,24.5,24.5,24.5,24.5,24.5,24.5,24.5,24.5,24.5,24.5,24.5,24.5,24.5,24.5,24.5,24.5,24.5,24.5,24.5,24.5,24.5,24.5,24.5,24.5,24.5,24.5,24.5,24.5,24.5,24.5,24.5,24.5,24.5,24.5,24.5,24.5,24.5,24.5,24.5,24.5,24.5,24.5,24.5,24.5,24.5,24.5,24.5,24.5,24.5,24.5,24.5,24.5,24.5,24.5,24.5,24.5,24.5,24.5,24.5,24.5,24.5,24.5,24.5,24.5,24.5,24.5,24.5,24.5,24.5,24.5,24.5,24.5,24.5,24.5,24.5,24.5,24.5,24.5
Ch68,24.5,24.5,24.5,24.5,24.5,24.5,24.5,24.5,24.5,24.5,24.5,24.5,24.5,24.5,24.5,24.5,24.5,24.5,24.5,24.5,24.5,24.5,24.5,24.5,24.5,24.5,24.5,24.5,24.5,24.5,24.5,24.5,24.5,24.5,24.5,24.5,24.5,24.5,24.5,24.5,24.5,24.5,24.5,24.5,24.5,24.5,24.5,24.5,24.5,24.5,24.5,24.5,24.5,24.5,24.5,24.5,24.5,24.5,24.5,24.5,24.5,24.5,24.5,24.5,24.5,24.5,24.5,24.5,24.5,24.5,24.5,24.5,24.5,24.5,24.5,24.5,24.5,24.5,24.5,24.5,24.5,24.5,24.5,24.5,24.5,24.5,24.5,24.5,24.5,24.5,24.5,24.5,24.5,24.5,24.5,24.5,24.5,24.5,24.5,24.5,24.5,24.5,24.5,24.5,24.5,24.5,24.5,24.5,24.5,24.5,24.5,24.5,24.5,24.5,24.5,24.5,24.5,24.5,24.5,24.5,24.5,24.5,24.5,24.5,24.5,24.5,24.5,24.5,24.5,24.5,24.5,24.5,24.5,24.5,24.5,24.5,24.5,24.5,24.5,24.5,24.5,24.5,24.5,24.5,24.5
Ch72,24.5,24.5,24.5,24.5,24.5,24.5,24.5,24.5,24.5,24.5,24.5,24.5,24.5,24.5,24.5,24.5,24.5,24.5,24.5,24.5,24.5,24.5,24.5,24.5,24.5,24.5,24.5,24.5,24.5,24.5,24.5,24.5,24.5,24.5,24.5,24.5,24.5,24.5,24.5,24.5,24.5,24.5,24.5,24.5,24.5,24.5,24.5,24.5,24.5,24.5,24.5,24.5,24.5,24.5,24.5,24.5,24.5,24.5,24.5,24.5,24.5,24.5,24.5,24.5,24.5,24.5,24.5,24.5,24.5,24.5,24.5,24.5,24.5,24.5,24.5,24.5,24.5,24.5,24.5,24.5,24.5,24.5,24.5,24.5,24.5,24.5,24.5,24.5,24.5,24.5,24.5,24.5,24.5,24.5,24.5,24.5,24.5,24.5,24.5,24.5,24.5,24.5,24.5,24.5,24.5,24.5,24.5,24.5,24.5,24.5,24.5,24.5,24.5,24.5,24.5,24.5,24.5,24.5,24.5,24.5,24.5,24.5,24.5,24.5,24.5,24.5,24.5,24.5,24.5,24.5,24.5,24.5,24.5,24.5,24.5,24.5,24.5,24.5,24.5,24.5,24.5,24.5,24.5,24.5,24.5
Ch76,24.5,24.5,24.5,24.5,24.5,24.5,24.5,24.5,24.5,24.5,24.5,24.5,24.5,24.5,24.5,24.5,24.5,24.5,24.5,24.5,24.5,24.5,24.5,24.5,24.5,24.5,24.5,24.5,24.5,24.5,24.5,24.5,24.5,24.5,24.5,24.5,24.5,24.5,24.5,24.5,24.5,24.5,24.5,24.5,24.5,24.5,24.5,24.5,24.5,24.5,24.5,24.5,24.5,24.5,24.5,24.5,24.5,24.5,24.5,24.5,24.5,24.5,24.5,24.5,24.5,24.5,24.5,24.5,24.5,24.5,24.5,24.5,24.5,24.5,24.5,24.5,24.5,24.5,24.5,24.5,24.5,24.5,24.5,24.5,24.5,24.5,24.5,24.5,24.5,24.5,24.5,24.5,24.5,24.5,24.5,24.5,24.5,24.5,24.5,24.5,24.5,24.5,24.5,24.5,24.5,24.5,24.5,24.5,24.5,24.5,24.5,24.5,24.5,24.5,24.5,24.5,24.5,24.5,24.5,24.5,24.5,24.5,24.5,24.5,24.5,24.5,24.5,24.5,24.5,24.5,24.5,24.5,24.5,24.5,24.5,24.5,24.5,24.5,24.5,24.5,24.5,24.5,24.5,24.5,24.5
Ch80,24.5,24.5,24.5,24.5,24.5,24.5,24.5,24.5,24.5,24.5,24.5,24.5,24.5,24.5,24.5,24.5,24.5,24.5,24.5,24.5,24.5,24.5,24.5,24.5,24.5,24.5,24.5,24.5,24.5,24.5,24.5,24.5,24.5,24.5,24.5,24.5,24.5,24.5,24.5,24.5,24.5,24.5,24.5,24.5,24.5,24.5,24.5,24.5,24.5,24.5,24.5,24.5,24.5,24.5,24.5,24.5,24.5,24.5,24.5,24.5,24.5,24.5,24.5,24.5,24.5,24.5,24.5,24.5,24.5,24.5,24.5,24.5,24.5,24.5,24.5,24.5,24.5,24.5,24.5,24.5,24.5,24.5,24.5,24.5,24.5,24.5,24.5,24.5,24.5,24.5,24.5,24.5,24.5,24.5,24.5,24.5,24.5,24.5,24.5,24.5,24.5,24.5,24.5,24.5,24.5,24.5,24.5,24.5,24.5,24.5,24.5,24.5,24.5,24.5,24.5,24.5,24.5,24.5,24.5,24.5,24.5,24.5,24.5,24.5,24.5,24.5,24.5,24.5,24.5,24.5,24.5,24.5,24.5,24.5,24.5,24.5,24.5,24.5,24.5,24.5,24.5,24.5,24.5,24.5,24.5
Ch84,24.5,24.5,24.5,24.5,24.5,24.5,24.5,24.5,24.5,24.5,24.5,24.5,24.5,24.5,24.5,24.5,24.5,24.5,24.5,24.5,24.5,24.5,24.5,24.5,24.5,24.5,24.5,24.5,24.5,24.5,24.5,24.5,24.5,24.5,24.5,24.5,24.5,24.5,24.5,24.5,24.5,24.5,24.5,24.5,24.5,24.5,24.5,24.5,24.5,24.5,24.5,24.5,24.5,24.5,24.5,24.5,24.5,24.5,24.5,24.5,24.5,24.5,24.5,24.5,24.5,24.5,24.5,24.5,24.5,24.5,24.5,24.5,24.5,24.5,24.5,24.5,24.5,24.5,24.5,24.5,24.5,24.5,24.5,24.5,24.5,24.5,24.5,24.5,24.5,24.5,24.5,24.5,24.5,24.5,24.5,24.5,24.5,24.5,24.5,24.5,24.5,24.5,24.5,24.5,24.5,24.5,24.5,24.5,24.5,24.5,24.5,24.5,24.5,24.5,24.5,24.5,24.5,24.5,24.5,24.5,24.5,24.5,24.5,24.5,24.5,24.5,24.5,24.5,24.5,24.5,24.5,24.5,24.5,24.5,24.5,24.5,24.5,24.5,24.5,24.5,24.5,24.5,24.5,24.5,24.5
Ch88,24.5,24.5,24.5,24.5,24.5,24.5,24.5,24.5,24.5,24.5,24.5,24.5,24.5,24.5,24.5,24.5,24.5,24.5,24.5,24.5,24.5,24.5,24.5,24.5,24.5,24.5,24.5,24.5,24.5,24.5,24.5,24.5,24.5,24.5,24.5,24.5,24.5,24.5,24.5,24.5,24.5,24.5,24.5,24.5,24.5,24.5,24.5,24.5,24.5,24.5,24.5,24.5,24.5,24.5,24.5,24.5,24.5,24.5,24.5,24.5,24.5,24.5,24.5,24.5,24.5,24.5,24.5,24.5,24.5,24.5,24.5,24.5,24.5,24.5,24.5,24.5,24.5,24.5,24.5,24.5,24.5,24.5,24.5,24.5,24.5,24.5,24.5,24.5,24.5,24.5,24.5,24.5,24.5,24.5,24.5,24.5,24.5,24.5,24.5,24.5,24.5,24.5,24.5,24.5,24.5,24.5,24.5,24.5,24.5,24.5,24.5,24.5,24.5,24.5,24.5,24.5,24.5,24.5,24.5,24.5,24.5,24.5,24.5,24.5,24.5,24.5,24.5,24.5,24.5,24.5,24.5,24.5,24.5,24.5,24.5,24.5,24.5,24.5,24.5,24.5,24.5,24.5,24.5,24.5,24.5
Ch92,24.5,24.5,24.5,24.5,24.5,24.5,24.5,24.5,24.5,24.5,24.5,24.5,24.5,24.5,24.5,24.5,24.5,24.5,24.5,24.5,24.5,24.5,24.5,24.5,24.5,24.5,24.5,24.5,24.5,24.5,24.5,24.5,24.5,24.5,24.5,24.5,24.5,24.5,24.5,24.5,24.5,24.5,24.5,24.5,24.5,24.5,24.5,24.5,24.5,24.5,24.5,24.5,24.5,24.5,24.5,24.5,24.5,24.5,24.5,24.5,24.5,24.5,24.5,24.5,24.5,24.5,24.5,24.5,24.5,24.5,24.5,24.5,24.5,24.5,24.5,24.5,24.5,24.5,24.5,24.5,24.5,24.5,24.5,24.5,24.5,24.5,24.5,24.5,24.5,24.5,24.5,24.5,24.5,24.5,24.5,24.5,24.5,24.5,24.5,24.5,24.5,24.5,24.5,24.5,24.5,24.5,24.5,24.5,24.5,24.5,24.5,24.5,24.5,24.5,24.5,24.5,24.5,24.5,24.5,24.5,24.5,24.5,24.5,24.5,24.5,24.5,24.5,24.5,24.5,24.5,24.5,24.5,24.5,24.5,24.5,24.5,24.5,24.5,24.5,24.5,24.5,24.5,24.5,24.5,24.5
Ch96,24.5,24.5,24.5,24.5,24.5,24.5,24.5,24.5,24.5,24.5,24.5,24.5,24.5,24.5,24.5,24.5,24.5,24.5,24.5,24.5,24.5,24.5,24.5,24.5,24.5,24.5,24.5,24.5,24.5,24.5,24.5,24.5,24.5,24.5,24.5,24.5,24.5,24.5,24.5,24.5,24.5,24.5,24.5,24.5,24.5,24.5,24.5,24.5,24.5,24.5,24.5,24.5,24.5,24.5,24.5,24.5,24.5,24.5,24.5,24.5,24.5,24.5,24.5,24.5,24.5,24.5,24.5,24.5,24.5,24.5,24.5,24.5,24.5,24.5,24.5,24.5,24.5,24.5,24.5,24.5,24.5,24.5,24.5,24.5,24.5,24.5,24.5,24.5,24.5,24.5,24.5,24.5,24.5,24.5,24.5,24.5,24.5,24.5,24.5,24.5,24.5,24.5,24.5,24.5,24.5,24.5,24.5,24.5,24.5,24.5,24.5,24.5,24.5,24.5,24.5,24.5,24.5,24.5,24.5,24.5,24.5,24.5,24.5,24.5,24.5,24.5,24.5,24.5,24.5,24.5,24.5,24.5,24.5,24.5,24.5,24.5,24.5,24.5,24.5,24.5,24.5,24.5,24.5,24.5,24.5
Ch100,24.5,24.5,24.5,24.5,24.5,24.5,24.5,24.5,24.5,24.5,24.5,24.5,24.5,24.5,24.5,24.5,24.5,24.5,24.5,24.5,24.5,24.5,24.5,24.5,24.5,24.5,24.5,24.5,24.5,24.5,24.5,24.5,24.5,24.5,24.5,24.5,24.5,24.5,24.5,24.5,24.5,24.5,24.5,24.5,24.5,24.5,24.5,24.5,24.5,24.5,24.5,24.5,24.5,24.5,24.5,24.5,24.5,24.5,24.5,24.5,24.5,24.5,24.5,24.5,24.5,24.5,24.5,24.5,24.5,24.5,24.5,24.5,24.5,24.5,24.5,24.5,24.5,24.5,24.5,24.5,24.5,24.5,24.5,24.5,24.5,24.5,24.5,24.5,24.5,24.5,24.5,24.5,24.5,24.5,24.5,24.5,24.5,24.5,24.5,24.5,24.5,24.5,24.5,24.5,24.5,24.5,24.5,24.5,24.5,24.5,24.5,24.5,24.5,24.5,24.5,24.5,24.5,24.5,24.5,24.5,24.5,24.5,24.5,24.5,24.5,24.5,24.5,24.5,24.5,24.5,24.5,24.5,24.5,24.5,24.5,24.5,24.5,24.5,24.5,24.5,24.5,24.5,24.5,24.5,24.5
Ch104,24.5,24.5,24.5,24.5,24.5,24.5,24.5,24.5,24.5,24.5,24.5,24.5,24.5,24.5,24.5,24.5,24.5,24.5,24.5,24.5,24.5,24.5,24.5,24.5,24.5,24.5,24.5,24.5,24.5,24.5,24.5,24.5,24.5,24.5,24.5,24.5,24.5,24.5,24.5,24.5,24.5,24.5,24.5,24.5,24.5,24.5,24.5,24.5,24.5,24.5,24.5,24.5,24.5,24.5,24.5,24.5,24.5,24.5,24.5,24.5,24.5,24.5,24.5,24.5,24.5,24.5,24.5,24.5,24.5,24.5,24.5,24.5,24.5,24.5,24.5,24.5,24.5,24.5,24.5,24.5,24.5,24.5,24.5,24.5,24.5,24.5,24.5,24.5,24.5,24.5,24.5,24.5,24.5,24.5,24.5,24.5,24.5,24.5,24.5,24.5,24.5,24.5,24.5,24.5,24.5,24.5,24.5,24.5,24.5,24.5,24.5,24.5,24.5,24.5,24.5,24.5,24.5,24.5,24.5,24.5,24.5,24.5,24.5,24.5,24.5,24.5,24.5,24.5,24.5,24.5,24.5,24.5,24.5,24.5,24.5,24.5,24.5,24.5,24.5,24.5,24.5,24.5,24.5,24.5,24.5
Ch108,24.5,24.5,24.5,24.5,24.5,24.5,24.5,24.5,24.5,24.5,24.5,24.5,24.5,24.5,24.5,24.5,24.5,24.5,24.5,24.5,24.5,24.5,24.5,24.5,24.5,24.5,24.5,24.5,24.5,24.5,24.5,24.5,24.5,24.5,24.5,24.5,24.5,24.5,24.5,24.5,24.5,24.5,24.5,24.5,24.5,24.5,24.5,24.5,24.5,24.5,24.5,24.5,24.5,24.5,24.5,24.5,24.5,24.5,24.5,24.5,24.5,24.5,24.5,24.5,24.5,24.5,24.5,24.5,24.5,24.5,24.5,24.5,24.5,24.5,24.5,24.5,24.5,24.5,24.5,24.5,24.5,24.5,24.5,24.5,24.5,24.5,24.5,24.5,24.5,24.5,24.5,24.5,24.5,24.5,24.5,24.5,24.5,24.5,24.5,24.5,24.5,24.5,24.5,24.5,24.5,24.5,24.5,24.5,24.5,24.5,24.5,24.5,24.5,24.5,24.5,24.5,24.5,24.5,24.5,24.5,24.5,24.5,24.5,24.5,24.5,24.5,24.5,24.5,24.5,24.5,24.5,24.5,24.5,24.5,24.5,24.5,24.5,24.5,24.5,24.5,24.5,24.5,24.5,24.5,24.5
Ch112,24.5,24.5,24.5,24.5,24.5,24.5,24.5,24.5,24.5,24.5,24.5,24.5,24.5,24.5,24.5,24.5,24.5,24.5,24.5,24.5,24.5,24.5,24.5,24.5,24.5,24.5,24.5,24.5,24.5,24.5,24.5,24.5,24.5,24.5,24.5,24.5,24.5,24.5,24.5,24.5,24.5,24.5,24.5,24.5,24.5,24.5,24.5,24.5,24.5,24.5,24.5,24.5,24.5,24.5,24.5,24.5,24.5,24.5,24.5,24.5,24.5,24.5,24.5,24.5,24.5,24.5,24.5,24.5,24.5,24.5,24.5,24.5,24.5,24.5,24.5,24.5,24.5,24.5,24.5,24.5,24.5,24.5,24.5,24.5,24.5,24.5,24.5,24.5,24.5,24.5,24.5,24.5,24.5,24.5,24.5,24.5,24.5,24.5,24.5,24.5,24.5,24.5,24.5,24.5,24.5,24.5,24.5,24.5,24.5,24.5,24.5,24.5,24.5,24.5,24.5,24.5,24.5,24.5,24.5,24.5,24.5,24.5,24.5,24.5,24.5,24.5,24.5,24.5,24.5,24.5,24.5,24.5,24.5,24.5,24.5,24.5,24.5,24.5,24.5,24.5,24.5,24.5,24.5,24.5,24.5
Ch116,24.5,24.5,24.5,24.5,24.5,24.5,24.5,24.5,24.5,24.5,24.5,24.5,24.5,24.5,24.5,24.5,24.5,24.5,24.5,24.5,24.5,24.5,24.5,24.5,24.5,24.5,24.5,24.5,24.5,24.5,24.5,24.5,24.5,24.5,24.5,24.5,24.5,24.5,24.5,24.5,24.5,24.5,24.5,24.5,24.5,24.5,24.5,24.5,24.5,24.5,24.5,24.5,24.5,24.5,24.5,24.5,24.5,24.5,24.5,24.5,24.5,24.5,24.5,24.5,24.5,24.5,24.5,24.5,24.5,24.5,24.5,24.5,24.5,24.5,24.5,24.5,24.5,24.5,24.5,24.5,24.5,24.5,24.5,24.5,24.5,24.5,24.5,24.5,24.5,24.5,24.5,24.5,24.5,24.5,24.5,24.5,24.5,24.5,24.5,24.5,24.5,24.5,24.5,24.5,24.5,24.5,24.5,24.5,24.5,24.5,24.5,24.5,24.5,24.5,24.5,24.5,24.5,24.5,24.5,24.5,24.5,24.5,24.5,24.5,24.5,24.5,24.5,24.5,24.5,24.5,24.5,24.5,24.5,24.5,24.5,24.5,24.5,24.5,24.5,24.5,24.5,24.5,24.5,24.5,24.5
Ch120,24.5,24.5,24.5,24.5,24.5,24.5,24.5,24.5,24.5,24.5,24.5,24.5,24.5,24.5,24.5,24.5,24.5,24.5,24.5,24.5,24.5,24.5,24.5,24.5,24.5,24.5,24.5,24.5,24.5,24.5,24.5,24.5,24.5,24.5,24.5,24.5,24.5,24.5,24.5,24.5,24.5,24.5,24.5,24.5,24.5,24.5,24.5,24.5,24.5,24.5,24.5,24.5,24.5,24.5,24.5,24.5,24.5,24.5,24.5,24.5,24.5,24.5,24.5,24.5,24.5,24.5,24.5,24.5,24.5,24.5,24.5,24.5,24.5,24.5,24.5,24.5,24.5,24.5,24.5,24.5,24.5,24.5,24.5,24.5,24.5,24.5,24.5,24.5,24.5,24.5,24.5,24.5,24.5,24.5,24.5,24.5,24.5,24.5,24.5,24.5,24.5,24.5,24.5,24.5,24.5,24.5,24.5,24.5,24.5,24.5,24.5,24.5,24.5,24.5,24.5,24.5,24.5,24.5,24.5,24.5,24.5,24.5,24.5,24.5,24.5,24.5,24.5,24.5,24.5,24.5,24.5,24.5,24.5,24.5,24.5,24.5,24.5,24.5,24.5,24.5,24.5,24.5,24.5,24.5,24.5
Ch124,24.5,24.5,24.5,24.5,24.5,24.5,24.5,24.5,24.5,24.5,24.5,24.5,24.5,24.5,24.5,24.5,24.5,24.5,24.5,24.5,24.5,24.5,24.5,24.5,24.5,24.5,24.5,24.5,24.5,24.5,24.5,24.5,24.5,24.5,24.5,24.5,24.5,24.5,24.5,24.5,24.5,24.5,24.5,24.5,24.5,24.5,24.5,24.5,24.5,24.5,24.5,24.5,24.5,24.5,24.5,24.5,24.5,24.5,24.5,24.5,24.5,24.5,24.5,24.5,24.5,24.5,24.5,24.5,24.5,24.5,24.5,24.5,24.5,24.5,24.5,24.5,24.5,24.5,24.5,24.5,24.5,24.5,24.5,24.5,24.5,24.5,24.5,24.5,24.5,24.5,24.5,24.5,24.5,24.5,24.5,24.5,24.5,24.5,24.5,24.5,24.5,24.5,24.5,24.5,24.5,24.5,24.5,24.5,24.5,24.5,24.5,24.5,24.5,24.5,24.5,24.5,24.5,24.5,24.5,24.5,24.5,24.5,24.5,24.5,24.5,24.5,24.5,24.5,24.5,24.5,24.5,24.5,24.5,24.5,24.5,24.5,24.5,24.5,24.5,24.5,24.5,24.5,24.5,24.5,24.5
Ch128,24.5,24.5,24.5,24.5,24.5,24.5,24.5,24.5,24.5,24.5,24.5,24.5,24.5,24.5,24.5,24.5,24.5,24.5,24.5,24.5,24.5,24.5,24.5,24.5,24.5,24.5,24.5,24.5,24.5,24.5,24.5,24.5,24.5,24.5,24.5,24.5,24.5,24.5,24.5,24.5,24.5,24.5,24.5,24.5,24.5,24.5,24.5,24.5,24.5,24.5,24.5,24.5,24.5,24.5,24.5,24.5,24.5,24.5,24.5,24.5,24.5,24.5,24.5,24.5,24.5,24.5,24.5,24.5,24.5,24.5,24.5,24.5,24.5,24.5,24.5,24.5,24.5,24.5,24.5,24.5,24.5,24.5,24.5,24.5,24.5,24.5,24.5,24.5,24.5,24.5,24.5,24.5,24.5,24.5,24.5,24.5,24.5,24.5,24.5,24.5,24.5,24.5,24.5,24.5,24.5,24.5,24.5,24.5,24.5,24.5,24.5,24.5,24.5,24.5,24.5,24.5,24.5,24.5,24.5,24.5,24.5,24.5,24.5,24.5,24.5,24.5,24.5,24.5,24.5,24.5,24.5,24.5,24.5,24.5,24.5,24.5,24.5,24.5,24.5,24.5,24.5,24.5,24.5,24.5,24.5
Ch132,24.5,24.5,24.5,24.5,24.5,24.5,24.5,24.5,24.5,24.5,24.5,24.5,24.5,24.5,24.5,24.5,24.5,24.5,24.5,24.5,24.5,24.5,24.5,24.5,24.5,24.5,24.5,24.5,24.5,24.5,24.5,24.5,24.5,24.5,24.5,24.5,24.5,24.5,24.5,24.5,24.5,24.5,24.5,24.5,24.5,24.5,24.5,24.5,24.5,24.5,24.5,24.5,24.5,24.5,24.5,24.5,24.5,24.5,24.5,24.5,24.5,24.5,24.5,24.5,24.5,24.5,24.5,24.5,24.5,24.5,24.5,24.5,24.5,24.5,24.5,24.5,24.5,24.5,24.5,24.5,24.5,24.5,24.5,24.5,24.5,24.5,24.5,24.5,24.5,24.5,24.5,24.5,24.5,24.5,24.5,24.5,24.5,24.5,24.5,24.5,24.5,24.5,24.5,24.5,24.5,24.5,24.5,24.5,24.5,24.5,24.5,24.5,24.5,24.5,24.5,24.5,24.5,24.5,24.5,24.5,24.5,24.5,24.5,24.5,24.5,24.5,24.5,24.5,24.5,24.5,24.5,24.5,24.5,24.5,24.5,24.5,24.5,24.5,24.5,24.5,24.5,24.5,24.5,24.5,24.5
Ch136,24.5,24.5,24.5,24.5,24.5,24.5,24.5,24.5,24.5,24.5,24.5,24.5,24.5,24.5,24.5,24.5,24.5,24.5,24.5,24.5,24.5,24.5,24.5,24.5,24.5,24.5,24.5,24.5,24.5,24.5,24.5,24.5,24.5,24.5,24.5,24.5,24.5,24.5,24.5,24.5,24.5,24.5,24.5,24.5,24.5,24.5,24.5,24.5,24.5,24.5,24.5,24.5,24.5,24.5,24.5,24.5,24.5,24.5,24.5,24.5,24.5,24.5,24.5,24.5,24.5,24.5,24.5,24.5,24.5,24.5,24.5,24.5,24.5,24.5,24.5,24.5,24.5,24.5,24.5,24.5,24.5,24.5,24.5,24.5,24.5,24.5,24.5,24.5,24.5,24.5,24.5,24.5,24.5,24.5,24.5,24.5,24.5,24.5,24.5,24.5,24.5,24.5,24.5,24.5,24.5,24.5,24.5,24.5,24.5,24.5,24.5,24.5,24.5,24.5,24.5,24.5,24.5,24.5,24.5,24.5,24.5,24.5,24.5,24.5,24.5,24.5,24.5,24.5,24.5,24.5,24.5,24.5,24.5,24.5,24.5,24.5,24.5,24.5,24.5,24.5,24.5,24.5,24.5,24.5,24.5
Ch140,24.5,24.5,24.5,24.5,24.5,24.5,24.5,24.5,24.5,24.5,24.5,24.5,24.5,24.5,24.5,24.5,24.5,24.5,24.5,24.5,24.5,24.5,24.5,24.5,24.5,24.5,24.5,24.5,24.5,24.5,24.5,24.5,24.5,24.5,24.5,24.5,24.5,24.5,24.5,24.5,24.5,24.5,24.5,24.5,24.5,24.5,24.5,24.5,24.5,24.5,24.5,24.5,24.5,24.5,24.5,24.5,24.5,24.5,24.5,24.5,24.5,24.5,24.5,24.5,24.5,24.5,24.5,24.5,24.5,24.5,24.5,24.5,24.5,24.5,24.5,24.5,24.5,24.5,24.5,24.5,24.5,24.5,24.5,24.5,24.5,24.5,24.5,24.5,24.5,24.5,24.5,24.5,24.5,24.5,24.5,24.5,24.5,24.5,24.5,24.5,24.5,24.5,24.5,24.5,24.5,24.5,24.5,24.5,24.5,24.5,24.5,24.5,24.5,24.5,24.5,24.5,24.5,24.5,24.5,24.5,24.5,24.5,24.5,24.5,24.5,24.5,24.5,24.5,24.5,24.5,24.5,24.5,24.5,24.5,24.5,24.5,24.5,24.5,24.5,24.5,24.5,24.5,24.5,24.5,24.5
Ch144,24.5,24.5,24.5,24.5,24.5,24.5,24.5,24.5,24.5,24.5,24.5,24.5,24.5,24.5,24.5,24.5,24.5,24.5,24.5,24.5,24.5,24.5,24.5,24.5,24.5,24.5,24.5,24.5,24.5,24.5,24.5,24.5,24.5,24.5,24.5,24.5,24.5,24.5,24.5,24.5,24.5,24.5,24.5,24.5,24.5,24.5,24.5,24.5,24.5,24.5,24.5,24.5,24.5,24.5,24.5,24.5,24.5,24.5,24.5,24.5,24.5,24.5,24.5,24.5,24.5,24.5,24.5,24.5,24.5,24.5,24.5,24.5,24.5,24.5,24.5,24.5,24.5,24.5,24.5,24.5,24.5,24.5,24.5,24.5,24.5,24.5,24.5,24.5,24.5,24.5,24.5,24.5,24.5,24.5,24.5,24.5,24.5,24.5,24.5,24.5,24.5,24.5,24.5,24.5,24.5,24.5,24.5,24.5,24.5,24.5,24.5,24.5,24.5,24.5,24.5,24.5,24.5,24.5,24.5,24.5,24.5,24.5,24.5,24.5,24.5,24.5,24.5,24.5,24.5,24.5,24.5,24.5,24.5,24.5,24.5,24.5,24.5,24.5,24.5,24.5,24.5,24.5,24.5,24.5,24.5
Ch149,24.5,24.5,24.5,24.5,24.5,24.5,24.5,24.5,24.5,24.5,24.5,24.5,24.5,24.5,24.5,24.5,24.5,24.5,24.5,24.5,24.5,24.5,24.5,24.5,24.5,24.5,24.5,24.5,24.5,24.5,24.5,24.5,24.5,24.5,24.5,24.5,24.5,24.5,24.5,24.5,24.5,24.5,24.5,24.5,24.5,24.5,24.5,24.5,24.5,24.5,24.5,24.5,24.5,24.5,24.5,24.5,24.5,24.5,24.5,24.5,24.5,24.5,24.5,24.5,24.5,24.5,24.5,24.5,24.5,24.5,24.5,24.5,24.5,24.5,24.5,24.5,24.5,24.5,24.5,24.5,24.5,24.5,24.5,24.5,24.5,24.5,24.5,24.5,24.5,24.5,24.5,24.5,24.5,24.5,24.5,24.5,24.5,24.5,24.5,24.5,24.5,24.5,24.5,24.5,24.5,24.5,24.5,24.5,24.5,24.5,24.5,24.5,24.5,24.5,24.5,24.5,24.5,24.5,24.5,24.5,24.5,24.5,24.5,24.5,24.5,24.5,24.5,24.5,24.5,24.5,24.5,24.5,24.5,24.5,24.5,24.5,24.5,24.5,24.5,24.5,24.5,24.5,24.5,24.5,24.5
Ch153,24.5,24.5,24.5,24.5,24.5,24.5,24.5,24.5,24.5,24.5,24.5,24.5,24.5,24.5,24.5,24.5,24.5,24.5,24.5,24.5,24.5,24.5,24.5,24.5,24.5,24.5,24.5,24.5,24.5,24.5,24.5,24.5,24.5,24.5,24.5,24.5,24.5,24.5,24.5,24.5,24.5,24.5,24.5,24.5,24.5,24.5,24.5,24.5,24.5,24.5,24.5,24.5,24.5,24.5,24.5,24.5,24.5,24.5,24.5,24.5,24.5,24.5,24.5,24.5,24.5,24.5,24.5,24.5,24.5,24.5,24.5,24.5,24.5,24.5,24.5,24.5,24.5,24.5,24.5,24.5,24.5,24.5,24.5,24.5,24.5,24.5,24.5,24.5,24.5,24.5,24.5,24.5,24.5,24.5,24.5,24.5,24.5,24.5,24.5,24.5,24.5,24.5,24.5,24.5,24.5,24.5,24.5,24.5,24.5,24.5,24.5,24.5,24.5,24.5,24.5,24.5,24.5,24.5,24.5,24.5,24.5,24.5,24.5,24.5,24.5,24.5,24.5,24.5,24.5,24.5,24.5,24.5,24.5,24.5,24.5,24.5,24.5,24.5,24.5,24.5,24.5,24.5,24.5,24.5,24.5
Ch157,24.5,24.5,24.5,24.5,24.5,24.5,24.5,24.5,24.5,24.5,24.5,24.5,24.5,24.5,24.5,24.5,24.5,24.5,24.5,24.5,24.5,24.5,24.5,24.5,24.5,24.5,24.5,24.5,24.5,24.5,24.5,24.5,24.5,24.5,24.5,24.5,24.5,24.5,24.5,24.5,24.5,24.5,24.5,24.5,24.5,24.5,24.5,24.5,24.5,24.5,24.5,24.5,24.5,24.5,24.5,24.5,24.5,24.5,24.5,24.5,24.5,24.5,24.5,24.5,24.5,24.5,24.5,24.5,24.5,24.5,24.5,24.5,24.5,24.5,24.5,24.5,24.5,24.5,24.5,24.5,24.5,24.5,24.5,24.5,24.5,24.5,24.5,24.5,24.5,24.5,24.5,24.5,24.5,24.5,24.5,24.5,24.5,24.5,24.5,24.5,24.5,24.5,24.5,24.5,24.5,24.5,24.5,24.5,24.5,24.5,24.5,24.5,24.5,24.5,24.5,24.5,24.5,24.5,24.5,24.5,24.5,24.5,24.5,24.5,24.5,24.5,24.5,24.5,24.5,24.5,24.5,24.5,24.5,24.5,24.5,24.5,24.5,24.5,24.5,24.5,24.5,24.5,24.5,24.5,24.5
Ch161,24.5,24.5,24.5,24.5,24.5,24.5,24.5,24.5,24.5,24.5,24.5,24.5,24.5,24.5,24.5,24.5,24.5,24.5,24.5,24.5,24.5,24.5,24.5,24.5,24.5,24.5,24.5,24.5,24.5,24.5,24.5,24.5,24.5,24.5,24.5,24.5,24.5,24.5,24.5,24.5,24.5,24.5,24.5,24.5,24.5,24.5,24.5,24.5,24.5,24.5,24.5,24.5,24.5,24.5,24.5,24.5,24.5,24.5,24.5,24.5,24.5,24.5,24.5,24.5,24.5,24.5,24.5,24.5,24.5,24.5,24.5,24.5,24.5,24.5,24.5,24.5,24.5,24.5,24.5,24.5,24.5,24.5,24.5,24.5,24.5,24.5,24.5,24.5,24.5,24.5,24.5,24.5,24.5,24.5,24.5,24.5,24.5,24.5,24.5,24.5,24.5,24.5,24.5,24.5,24.5,24.5,24.5,24.5,24.5,24.5,24.5,24.5,24.5,24.5,24.5,24.5,24.5,24.5,24.5,24.5,24.5,24.5,24.5,24.5,24.5,24.5,24.5,24.5,24.5,24.5,24.5,24.5,24.5,24.5,24.5,24.5,24.5,24.5,24.5,24.5,24.5,24.5,24.5,24.5,24.5
Ch165,24.5,24.5,24.5,24.5,24.5,24.5,24.5,24.5,24.5,24.5,24.5,24.5,24.5,24.5,24.5,24.5,24.5,24.5,24.5,24.5,24.5,24.5,24.5,24.5,24.5,24.5,24.5,24.5,24.5,24.5,24.5,24.5,24.5,24.5,24.5,24.5,24.5,24.5,24.5,24.5,24.5,24.5,24.5,24.5,24.5,24.5,24.5,24.5,24.5,24.5,24.5,24.5,24.5,24.5,24.5,24.5,24.5,24.5,24.5,24.5,24.5,24.5,24.5,24.5,24.5,24.5,24.5,24.5,24.5,24.5,24.5,24.5,24.5,24.5,24.5,24.5,24.5,24.5,24.5,24.5,24.5,24.5,24.5,24.5,24.5,24.5,24.5,24.5,24.5,24.5,24.5,24.5,24.5,24.5,24.5,24.5,24.5,24.5,24.5,24.5,24.5,24.5,24.5,24.5,24.5,24.5,24.5,24.5,24.5,24.5,24.5,24.5,24.5,24.5,24.5,24.5,24.5,24.5,24.5,24.5,24.5,24.5,24.5,24.5,24.5,24.5,24.5,24.5,24.5,24.5,24.5,24.5,24.5,24.5,24.5,24.5,24.5,24.5,24.5,24.5,24.5,24.5,24.5,24.5,24.5
Ch169,24.5,24.5,24.5,24.5,24.5,24.5,24.5,24.5,24.5,24.5,24.5,24.5,24.5,24.5,24.5,24.5,24.5,24.5,24.5,24.5,24.5,24.5,24.5,24.5,24.5,24.5,24.5,24.5,24.5,24.5,24.5,24.5,24.5,24.5,24.5,24.5,24.5,24.5,24.5,24.5,24.5,24.5,24.5,24.5,24.5,24.5,24.5,24.5,24.5,24.5,24.5,24.5,24.5,24.5,24.5,24.5,24.5,24.5,24.5,24.5,24.5,24.5,24.5,24.5,24.5,24.5,24.5,24.5,24.5,24.5,24.5,24.5,24.5,24.5,24.5,24.5,24.5,24.5,24.5,24.5,24.5,24.5,24.5,24.5,24.5,24.5,24.5,24.5,24.5,24.5,24.5,24.5,24.5,24.5,24.5,24.5,24.5,24.5,24.5,24.5,24.5,24.5,24.5,24.5,24.5,24.5,24.5,24.5,24.5,24.5,24.5,24.5,24.5,24.5,24.5,24.5,24.5,24.5,24.5,24.5,24.5,24.5,24.5,24.5,24.5,24.5,24.5,24.5,24.5,24.5,24.5,24.5,24.5,24.5,24.5,24.5,24.5,24.5,24.5,24.5,24.5,24.5,24.5,24.5,24.5
Ch173,24.5,24.5,24.5,24.5,24.5,24.5,24.5,24.5,24.5,24.5,24.5,24.5,24.5,24.5,24.5,24.5,24.5,24.5,24.5,24.5,24.5,24.5,24.5,24.5,24.5,24.5,24.5,24.5,24.5,24.5,24.5,24.5,24.5,24.5,24.5,24.5,24.5,24.5,24.5,24.5,24.5,24.5,24.5,24.5,24.5,24.5,24.5,24.5,24.5,24.5,24.5,24.5,24.5,24.5,24.5,24.5,24.5,24.5,24.5,24.5,24.5,24.5,24.5,24.5,24.5,24.5,24.5,24.5,24.5,24.5,24.5,24.5,24.5,24.5,24.5,24.5,24.5,24.5,24.5,24.5,24.5,24.5,24.5,24.5,24.5,24.5,24.5,24.5,24.5,24.5,24.5,24.5,24.5,24.5,24.5,24.5,24.5,24.5,24.5,24.5,24.5,24.5,24.5,24.5,24.5,24.5,24.5,24.5,24.5,24.5,24.5,24.5,24.5,24.5,24.5,24.5,24.5,24.5,24.5,24.5,24.5,24.5,24.5,24.5,24.5,24.5,24.5,24.5,24.5,24.5,24.5,24.5,24.5,24.5,24.5,24.5,24.5,24.5,24.5,24.5,24.5,24.5,24.5,24.5,24.5
Ch177,24.5,24.5,24.5,24.5,24.5,24.5,24.5,24.5,24.5,24.5,24.5,24.5,24.5,24.5,24.5,24.5,24.5,24.5,24.5,24.5,24.5,24.5,24.5,24.5,24.5,24.5,24.5,24.5,24.5,24.5,24.5,24.5,24.5,24.5,24.5,24.5,24.5,24.5,24.5,24.5,24.5,24.5,24.5,24.5,24.5,24.5,24.5,24.5,24.5,24.5,24.5,24.5,24.5,24.5,24.5,24.5,24.5,24.5,24.5,24.5,24.5,24.5,24.5,24.5,24.5,24.5,24.5,24.5,24.5,24.5,24.5,24.5,24.5,24.5,24.5,24.5,24.5,24.5,24.5,24.5,24.5,24.5,24.5,24.5,24.5,24.5,24.5,24.5,24.5,24.5,24.5,24.5,24.5,24.5,24.5,24.5,24.5,24.5,24.5,24.5,24.5,24.5,24.5,24.5,24.5,24.5,24.5,24.5,24.5,24.5,24.5,24.5,24.5,24.5,24.5,24.5,24.5,24.5,24.5,24.5,24.5,24.5,24.5,24.5,24.5,24.5,24.5,24.5,24.5,24.5,24.5,24.5,24.5,24.5,24.5,24.5,24.5,24.5,24.5,24.5,24.5,24.5,24.5,24.5,24.5
Ch181,24.5,24.5,24.5,24.5,24.5,24.5,24.5,24.5,24.5,24.5,24.5,24.5,24.5,24.5,24.5,24.5,24.5,24.5,24.5,24.5,24.5,24.5,24.5,24.5,24.5,24.5,24.5,24.5,24.5,24.5,24.5,24.5,24.5,24.5,24.5,24.5,24.5,24.5,24.5,24.5,24.5,24.5,24.5,24.5,24.5,24.5,24.5,24.5,24.5,24.5,24.5,24.5,24.5,24.5,24.5,24.5,24.5,24.5,24.5,24.5,24.5,24.5,24.5,24.5,24.5,24.5,24.5,24.5,24.5,24.5,24.5,24.5,24.5,24.5,24.5,24.5,24.5,24.5,24.5,24.5,24.5,24.5,24.5,24.5,24.5,24.5,24.5,24.5,24.5,24.5,24.5,24.5,24.5,24.5,24.5,24.5,24.5,24.5,24.5,24.5,24.5,24.5,24.5,24.5,24.5,24.5,24.5,24.5,24.5,24.5,24.5,24.5,24.5,24.5,24.5,24.5,24.5,24.5,24.5,24.5,24.5,24.5,24.5,24.5,24.5,24.5,24.5,24.5,24.5,24.5,24.5,24.5,24.5,24.5,24.5,24.5,24.5,24.5,24.5,24.5,24.5,24.5,24.5,24.5,24.5
